9 23
11 28
12 15
22 11
29 7
34 13
445 12
448 10
479 9
480 2
542 12
577 5
594 13
770 16
804 13
808 11
818 26
858 5
881 22
914 11
915 11
924 8
1075 12
1078 9
1113 8
1116 47
1279 10
1331 36
1352 28
1353 15
1355 25
1359 3
1376 8
1378 56
1391 3
1511 5
1512 3
1532 10
1582 10
1583 11
1584 8
1585 22
1586 8
1588 15
1591 2
1598 5
1726 8
1765 26
1789 7
1916 7
2011 4
2030 14
2031 13
2032 4
2040 10
2042 5
2113 4
2116 3
2121 8
2136 15
2138 9
2272 4
2347 12
2348 13
2351 5
2352 12
2364 22
2392 12
2519 16
2550 25
2551 33
2599 14
2631 13
2632 23
2633 9
2634 13
2635 8
2636 10
2637 12
2793 23
2795 12
2802 24
2803 2
2804 3
3112 7
3115 14
3119 13
3125 11
3136 17
3154 13
3250 2
3290 23
3294 7
3364 12
3366 29
3378 13
3379 12
3380 11
3384 23
3392 2
3504 38
3535 13
3565 12
3566 67
3567 3
3642 4
3643 12
3647 13
3648 17
3650 14
3651 12
3652 11
3657 2
3658 20
3659 3
3796 8
3799 14
3800 25
3802 19
3803 8
3951 6
3961 2
3971 4
4050 5
4052 22
4057 3
4059 11
4081 7
4169 21
4170 2
4266 9
4297 15
4315 10
4318 7
4319 13
4328 13
4329 8
4402 2
4403 13
4415 12
4520 19
4563 25
4570 6
4647 8
4835 2
4836 17
4837 5
5090 6
5158 17
5171 4
5174 2
5176 22
5181 2
5187 22
5190 17
5205 19
5208 11
5211 3
5214 18
5223 3
5238 38
5239 3
5240 58
5244 36
5255 13
5269 15
5272 11
5280 40
5285 56
5287 14
5289 63
5310 39
5314 15
5317 11
5329 11
5346 3
5375 44
5376 30
5377 17
5379 12
5380 17
5384 12
5386 31
5387 6
5389 13
5390 4
5394 6
5396 33
5397 13
5403 9
5404 21
5411 12
5412 11
5414 10
5486 31
5487 7
5505 12
5511 11
5522 12
5523 11
5529 11
5558 12
5594 5
5666 31
5684 2
5685 3
5691 9
5698 2
5720 2
5730 15
5733 14
5736 21
6716 11
6767 31
6769 12
6772 14
6775 8
6784 21
6786 12
6789 7
6795 14
6818 10
6823 10
6932 2
6959 15
7388 8
7391 12
7397 14
7412 16
7464 17
7479 3
7512 25
7534 12
7686 8
7737 7
7771 2
9020 9
9317 7
9337 2
9353 14
9354 8
9368 6
9385 24
9431 15
9432 30
9436 11
9449 53
9453 23
9456 7
9458 13
9500 23
9509 12
9517 11
9526 2
9535 9
9558 4
9588 13
9623 15
9624 10
9677 28
9685 12
9694 30
9702 12
9703 4
9733 8
9750 9
9780 25
9798 43
9804 12
9806 32
9807 11
9815 25
9823 14
9840 6
9962 17
9965 41
9966 35
10354 18
10401 3
10406 13
10408 2
10459 14
10477 2
10483 14
10515 11
10554 13
10605 12
10611 14
10630 21
10647 14
10664 16
10723 11
10724 11
10754 4
10771 9
10788 2
10795 12
10812 23
10838 12
10863 11
12385 11
12390 3
12419 6
12527 18
12544 11
12549 11
12561 9
12642 6
12652 8
12682 7
12719 9
12746 7
13195 2
13212 4
13223 9
13233 12
13240 20
13241 13
13247 8
13303 7
13338 8
13360 11
13386 12
13398 18
13410 3
13418 12
13439 15
14426 9
14544 3
14589 7
14600 18
14654 9
23092 24
24092 12
24270 2
24271 2
24272 6
24313 20
24321 8
24325 15
24387 3
24453 2
24559 17
24703 5
24705 3
24708 2
24734 2
24735 7
25359 3
25360 23
25384 2
25385 12
25394 11
25423 3
25424 2
25453 11
25454 2
25491 3
25492 2
25560 4
25564 10
25566 3
25592 11
25593 3
25631 7
25633 13
25635 3
25636 3
25678 3
25737 2
25740 2
25770 7
25808 3
25827 8
25828 15
25829 4
25850 3
25916 11
25918 9
25921 3
25930 12
25932 3
25933 23
25967 2
26075 3
26079 3
26109 2
26110 7
26199 13
26200 11
26237 12
26250 11
26251 3
26323 31
26324 13
26325 2
26328 10
26329 4
26332 14
26359 2
26378 24
26379 13
26398 18
26401 2
26402 10
26405 4
26556 6
26557 22
26558 22
26559 21
26560 10
26561 13
26562 4
26582 3
26590 11
26591 14
26592 12
26594 10
26649 11
26697 11
26719 12
26720 11
26736 12
26737 12
26738 12
26740 14
26763 11
26796 14
26797 11
26862 11
26912 2
26914 12
26915 11
26945 12
27073 5
27091 11
27252 11
27267 17
27268 2
27269 23
27270 6
27297 14
27298 15
27351 11
27352 12
27407 10
27551 2
27563 2
27565 14
27566 3
27621 2
27622 14
27660 2
27663 8
27665 2
27666 15
27797 3
27798 2
27799 22
27800 3
27828 5
27832 17
27834 15
27903 12
27904 2
28196 10
28258 10
28259 11
28291 6
28293 6
28294 3
28295 11
28298 30
28358 7
28360 12
28362 2
28363 9
28433 5
28440 7
28463 13
28464 7
28465 3
28566 2
28567 12
28609 8
28613 8
28614 12
28615 2
28616 4
28617 4
28753 2
28755 3
28757 3
28758 23
28791 9
28795 9
28796 6
28832 10
28834 4
28835 11
28855 12
28924 2
28926 21
28927 12
29102 9
29114 12
29115 25
29131 8
29133 11
29272 11
29293 8
29294 6
29447 3
29481 5
29482 3
29546 6
29557 13
29573 20
29575 2
29576 15
29737 36
29753 19
29756 10
29758 11
29838 5
29841 13
29919 13
29931 4
30021 6
30070 4
30071 12
30076 3
30077 12
30078 15
30079 12
30100 11
30263 2
30278 8
30279 12
30287 11
30288 3
30343 8
30432 4
30459 2
30460 2
30462 2
30463 14
30464 11
30487 14
30508 21
30537 7
30692 2
30695 11
31613 10
31638 22
31727 19
31775 12
31778 6
31792 15
31812 8
31830 25
31846 6
31882 13
32263 8
32313 12
32317 6
32358 17
32475 7
32534 8
32550 5
32582 7
32614 14
33170 17
33171 6
33226 8
33228 6
33236 10
33237 12
33267 15
33315 3
33331 6
33371 15
33565 19
33785 12
33796 13
33901 14
33903 11
33955 19
36509 19
36523 3
36571 13
36572 11
36573 24
36585 3
36604 3
36619 3
36652 2
36658 2
36667 10
36851 6
36868 15
37004 6
37032 17
37078 19
37080 9
37092 6
37094 7
37098 15
37111 19
37120 17
37122 3
37130 15
37134 7
37138 14
37187 18
37208 3
37277 6
37316 17
38459 4
38492 9
38572 11
38574 12
38577 3
38588 7
38623 3
38624 14
38625 17
38640 22
38657 10
38744 11
38786 11
38850 12
38855 11
38866 13
38898 8
38963 24
38971 15
38985 21
39014 14
39080 8
39095 8
39128 8
39143 13
39190 3
39191 9
39192 14
39284 13
39320 12
39333 12
39477 12
39746 9
39793 8
39795 6
41062 16
41064 13
41128 12
41207 3
41225 2
41254 9
41256 10
41263 11
41458 12
41459 13
41460 3
41573 9
41677 12
41678 3
41679 11
41681 7
41690 8
41774 2
41795 14
41849 24
44401 19
44417 21
44418 11
44464 17
44465 2
44466 12
44477 12
44513 3
44525 3
44534 4
44546 5
44547 16
44553 9
44561 6
44684 9
44743 9
44762 10
44793 17
44850 6
44868 14
44875 7
44877 24
44896 12
44898 11
44950 2
44952 12
44972 13
44990 3
45005 7
45006 15
45022 3
45031 4
45032 2
45049 2
45051 14
45097 12
45171 3
45208 3
46355 8
46384 6
46386 13
46401 14
46457 3
46465 2
46467 4
46468 6
46469 3
46470 7
46480 10
46482 5
46517 2
46550 3
46636 14
46680 3
46747 5
46749 2
46760 18
46834 2
46836 4
46855 15
46857 3
46883 16
46884 5
46906 13
46972 2
46974 2
46987 21
46988 8
47020 2
47022 7
47035 15
47084 6
47085 6
47226 8
47272 14
47274 3
47322 9
47417 6
47638 11
47640 6
48955 11
48956 12
48957 4
49003 16
49005 11
49021 11
49023 9
49071 2
49099 3
49101 13
49117 14
49351 10
49353 20
49570 3
49571 3
49572 7
49582 10
49584 2
49620 2
49666 15
49668 16
49687 5
49689 3
49741 2
49744 12
49745 3
52294 9
52309 4
52310 10
52405 11
52417 12
52419 11
52426 3
52427 16
52428 10
52438 12
52439 2
52444 3
52445 7
52446 10
52576 10
52654 12
52656 12
52664 12
52685 12
52742 10
52760 5
52768 10
52769 11
52790 13
52798 21
52800 2
52808 12
52844 6
52864 13
52867 2
52869 13
52876 7
52877 2
52878 2
52883 2
52896 3
52897 21
52899 3
52920 2
52943 6
52955 7
52956 13
52968 8
53015 8
53063 3
54247 2
54278 7
54341 16
54342 13
54349 10
54359 4
54362 9
54399 22
54442 3
54444 10
54572 13
54652 10
54702 16
54728 15
54729 2
54757 12
54800 3
54834 2
54865 3
54866 4
54880 20
54977 3
55069 9
55071 18
55118 8
55119 2
55165 3
55166 4
55167 4
55215 7
55263 14
55533 11
56848 12
56850 15
56896 15
56897 11
56916 5
56945 16
56963 10
56964 8
56993 7
57011 13
57246 11
57463 11
57468 12
57476 3
57477 10
57513 12
57551 3
57560 2
57581 12
57598 9
57599 11
57637 11
60310 13
60311 4
60319 2
60337 13
60338 11
60339 10
60346 2
60556 16
60557 8
60634 12
60635 13
60653 14
60654 10
60661 13
60662 15
60693 18
60700 6
60701 14
60702 13
60711 11
60760 8
60761 19
60769 2
60775 12
60776 2
60788 13
60789 7
60800 3
60801 2
60813 3
60847 3
60849 12
60859 9
60860 3
60907 4
62170 5
62233 9
62234 13
62235 12
62242 11
62244 7
62251 10
62252 14
62253 9
62254 2
62291 10
62292 15
62318 4
62336 13
62416 3
62417 6
62464 11
62465 8
62527 13
62528 11
62529 13
62594 8
62621 13
62622 3
62663 11
62664 8
62668 9
62692 15
62726 3
62727 3
62869 17
62870 2
62963 11
63010 12
63011 3
63012 2
63154 23
63155 3
63156 2
63425 3
63472 2
63473 14
63474 6
64704 12
64825 17
64841 13
64877 14
64881 34
64897 22
64899 8
64934 9
65837 10
65853 11
65858 16
65869 23
65885 7
65918 24
65921 10
65946 10
65956 24
66046 5
66052 24
66055 2
66061 26
66066 4
66068 22
66072 8
66082 6
66084 8
66088 22
66487 14
66488 3
66541 6
66557 13
66573 21
66576 4
66589 2
66670 12
68278 10
68294 21
68307 6
68310 2
68320 5
68323 9
68326 12
68336 13
68352 11
68355 11
68396 13
68400 13
68413 2
68416 11
68419 10
68421 12
68463 11
68469 3
68470 20
68472 11
68482 12
68486 19
68498 19
68511 13
68514 15
68534 2
68550 19
68566 33
68572 22
68581 22
68582 24
68585 12
68610 8
68626 13
68629 8
68635 13
68644 11
68657 11
68660 5
68673 12
68676 9
68685 11
68686 12
68722 28
68724 14
68738 24
68740 24
68741 13
68756 20
68770 12
72905 34
72910 9
72914 5
72923 31
72928 38
72932 31
72938 11
72939 11
72941 2
72942 28
75626 12
75632 7
75633 26
75635 25
