13 38
31 7
460 9
470 7
479 14
487 12
523 11
532 2
540 5
547 6
564 36
581 30
588 10
711 22
771 15
772 12
777 17
853 7
870 11
871 20
872 10
906 55
911 11
1081 22
1113 2
1115 8
1116 12
1218 4
1255 3
1351 11
1354 11
1358 13
1367 13
1374 7
1375 3
1378 2
1385 2
1391 15
1481 13
1510 14
1518 13
1722 11
1727 13
1728 12
1729 11
1762 11
1767 12
1770 13
1771 11
1889 16
2114 7
2116 3
2120 12
2129 14
2137 4
2186 2
2242 11
2272 16
2277 13
2279 9
2280 11
2444 2
2488 9
2518 11
2646 10
2660 4
2742 3
2780 8
2781 9
2879 12
2882 9
3007 35
3008 26
3009 23
3027 8
3191 7
3288 17
3295 2
3504 8
3646 10
3660 8
3661 4
3662 12
3713 6
3714 2
3717 7
3719 23
3723 11
3788 3
3791 10
3804 5
3951 26
3981 13
4011 21
4041 2
4042 2
4050 11
4051 6
4057 4
4058 10
4061 24
4081 12
4260 21
4266 3
4297 7
4306 5
4394 11
4396 19
4415 2
4466 15
4471 14
4474 2
4487 19
4518 10
4520 5
4940 14
4941 8
5066 5
5156 20
5161 14
5167 2
5181 3
5183 14
5184 14
5185 2
5188 13
5190 38
5200 2
5205 12
5220 9
5230 8
5236 29
5238 10
5242 15
5248 6
5263 7
5264 19
5267 8
5271 3
5272 8
5287 10
5290 2
5291 2
5310 14
5311 2
5321 6
5329 36
5331 17
5355 10
5368 21
5369 16
5370 35
5371 16
5374 10
5392 3
5393 17
5417 3
5418 14
5419 12
5421 42
5422 2
5447 17
5484 11
5574 13
6852 12
6888 13
6898 16
6905 3
6915 8
6922 6
6923 2
6936 11
6940 3
6941 8
6942 7
6945 17
6947 9
6950 19
6951 5
7026 22
7042 19
7046 21
7048 15
7055 2
7059 12
7062 6
7381 6
7382 19
7394 11
7398 13
7399 15
7400 58
7411 8
7415 7
7434 29
7436 15
7441 8
7451 6
7462 9
7468 2
7472 11
7478 5
7495 2
7536 3
7553 10
7587 17
7589 42
7604 3
7621 15
7623 14
7628 12
7638 28
7640 7
7651 21
7655 11
7658 24
7668 14
7703 12
7707 26
7720 24
7727 14
7741 4
7743 14
7744 19
7749 25
7752 2
7755 11
7775 3
7777 4
7788 17
8214 12
8249 8
8315 6
8378 11
8400 14
8445 13
8448 6
8574 8
8585 2
9091 16
9112 2
9142 13
9162 26
9179 7
9192 2
9213 6
9252 6
9295 13
9299 14
9305 21
9311 15
9313 9
9320 9
9323 2
9347 14
9350 10
9356 17
9357 10
9359 3
9362 5
9364 10
9371 13
9381 15
9388 3
9673 5
9747 2
9848 14
9850 15
9851 3
9852 15
9854 8
9856 2
9860 2
9861 8
9862 9
9901 11
9969 12
9970 2
9971 15
9972 13
9973 4
9974 11
9976 2
10146 18
10147 7
10418 14
10421 15
10455 20
10526 13
10742 12
10748 3
10781 6
10820 12
10869 25
10929 10
10961 8
10978 12
11016 3
11050 14
11063 6
11078 13
11147 12
11164 14
11765 9
11901 13
11906 22
11910 12
11923 14
11925 10
11931 4
11935 22
11942 17
11943 8
12374 9
12381 3
12397 20
12400 12
12401 3
12426 2
12452 21
12475 8
12504 7
12579 18
12604 2
12652 2
12669 14
12671 18
12697 3
12709 18
12736 9
12746 6
13063 6
13069 18
13107 13
13116 21
13134 8
13135 6
13173 7
13195 4
13208 7
13223 6
13229 9
13246 2
13250 16
13251 6
14139 3
14728 8
14729 11
14730 11
14737 2
14777 3
14779 23
14780 5
14781 17
14825 25
14826 7
14918 3
14948 2
14949 10
15481 12
15482 3
15584 21
15585 8
15589 13
15590 6
15602 11
15659 6
16361 2
16362 12
16363 14
16407 9
16544 11
16547 12
16857 2
16858 7
16859 12
16933 12
16934 10
16935 15
16938 9
16939 6
17520 2
17602 5
17603 2
17604 4
17607 5
17671 3
17672 12
17673 8
17776 3
17953 2
22200 9
22201 17
22202 15
22380 5
22445 22
22477 11
22478 11
22479 2
22480 21
22561 2
22562 13
22578 3
22583 8
22596 12
22597 3
22598 6
22625 10
22628 9
22629 25
22778 10
22779 12
22781 9
22789 6
22791 12
22792 6
22793 23
22973 12
23218 12
23287 12
23351 2
23352 13
23353 3
23419 23
23423 10
23542 15
23543 3
23592 4
23593 2
23794 2
23795 12
23796 8
23797 13
23799 14
23800 10
23806 11
23810 3
23811 15
23953 3
23954 2
23982 16
24101 7
24125 3
24127 3
24128 13
24150 13
24154 13
24155 16
24273 10
24275 2
24279 12
24311 4
24315 11
24316 3
24322 15
24323 18
24324 2
24354 3
24388 5
24420 4
24454 11
24477 4
24479 6
24522 4
24523 23
24560 21
24564 8
24634 12
24657 13
24658 2
24706 2
24707 16
24709 2
24879 4
24996 7
24997 2
25001 14
25062 22
25260 2
25297 14
25298 15
25299 26
25302 2
25493 3
25494 33
25495 4
25496 10
25498 3
25545 19
25563 3
25565 3
25594 9
25595 12
25634 12
25726 10
25727 11
25739 12
25740 4
25741 2
25742 3
25743 21
25769 5
25771 13
25772 11
25814 8
25830 5
25833 3
25851 4
25852 11
25855 14
25857 2
25858 3
25917 11
25919 15
25920 9
25924 12
25931 14
25932 8
25935 11
25937 13
25949 11
25968 4
25982 13
26004 4
26005 16
26026 7
26027 7
26028 2
26059 11
26094 6
26111 19
26112 2
26113 12
26114 12
26115 11
26116 10
26203 8
26204 12
26207 14
26235 20
26252 2
26253 12
26330 15
26331 11
26333 2
26334 16
26335 15
27404 8
27406 3
27432 8
27433 3
27434 14
27435 2
28434 13
28435 20
28436 13
28437 23
28438 9
28465 3
28467 13
28470 9
28618 22
28620 12
28622 7
28798 3
28799 11
28800 13
28801 2
28802 9
29295 3
29296 8
29297 14
29298 12
29299 13
29300 11
29301 12
29403 7
29483 10
29484 16
29485 14
29486 12
29490 2
29547 20
29548 15
29549 22
29550 8
29839 15
29844 9
30020 3
30022 11
30023 10
30086 12
30087 6
31705 6
31718 12
31824 3
31825 7
31836 8
31840 14
31841 10
31844 8
31892 12
31895 14
31901 16
31906 15
31907 3
32032 3
32059 12
32290 7
32359 15
32375 7
32384 21
32411 9
32433 4
32437 9
32448 16
32530 6
32556 23
32703 12
32709 6
32713 8
33005 8
33007 14
33021 14
33028 11
33032 19
33097 12
37046 7
37096 4
37106 26
37107 19
37110 5
37113 13
37129 15
37131 3
37142 8
37156 2
37158 8
37159 20
37160 12
37161 13
37170 16
37175 19
37177 2
37178 6
37228 13
37230 12
37276 10
37278 9
37315 15
37317 10
37346 7
37365 14
37371 11
37372 8
37373 20
37428 2
37474 15
37476 3
37571 12
37799 5
37847 16
38491 17
38493 24
38508 16
38540 11
38554 15
38609 8
38620 6
38622 4
38743 10
38792 12
38896 13
38897 21
38903 12
38946 11
38969 34
38981 12
38997 14
39046 14
39081 12
39142 16
39272 6
39282 22
39318 2
39362 7
39381 12
39382 15
39383 24
39416 10
39429 26
39431 5
39512 14
39524 10
39747 2
39758 14
39779 24
39792 16
39797 11
39799 3
39800 11
39808 20
39809 11
39810 16
40685 19
40690 3
40691 14
40730 21
40733 22
40754 13
40766 15
40786 14
40788 21
40796 15
44938 5
44940 8
44986 9
44988 17
44998 3
45023 2
45024 3
45032 8
45033 3
45034 14
45050 4
45052 7
45054 2
45067 14
45069 11
45070 8
45071 11
45080 10
45098 3
45099 2
45100 6
45101 7
45102 13
45122 18
45170 3
45210 11
45238 2
45239 8
45265 21
45266 23
45282 9
45328 5
45330 12
45368 10
45369 10
45463 19
45658 3
45691 28
45693 14
45708 2
46351 2
46353 2
46385 16
46400 5
46432 28
46448 12
46501 11
46502 5
46514 26
46516 4
46517 8
46518 3
46549 12
46551 4
46637 11
46638 2
46789 11
46790 9
46795 16
46808 12
46861 17
46873 11
46883 5
46989 5
47036 19
47037 13
47166 9
47178 14
47210 20
47212 8
47214 3
47254 7
47256 3
47275 18
47276 4
47323 6
47404 5
47416 10
47418 8
47684 25
47689 13
47690 6
47692 15
47694 2
47702 3
48577 9
48583 12
48584 12
48585 14
48622 20
48624 9
48625 9
48626 6
48646 13
48648 23
48675 17
48679 8
48680 3
48681 12
48703 12
52832 12
52866 6
52882 29
52884 12
52898 10
52924 3
52925 7
52942 23
52944 3
52946 10
52990 2
52991 17
52993 3
52995 3
53014 2
53062 2
53102 13
53131 2
53133 18
53140 2
53146 5
53148 2
53151 10
53158 13
53159 2
53160 3
53167 10
53212 12
53214 2
53261 15
54245 13
54249 4
54277 35
54279 6
54292 14
54351 7
54361 2
54363 7
54374 14
54394 14
54396 20
54406 21
54408 16
54409 22
54410 9
54443 13
54529 16
54530 10
54531 10
54634 16
54636 15
54641 20
54682 3
54683 8
54684 13
54700 3
54749 19
54775 23
54777 2
54806 8
54832 7
54854 13
54867 6
54881 15
54882 9
54914 3
54928 8
54929 24
54930 11
54976 10
54978 12
55066 10
55068 11
55070 6
55077 8
55102 15
55104 22
55105 6
55214 9
55218 2
55309 18
55310 11
55311 3
55532 7
56465 17
56476 15
56478 2
56518 11
56540 12
56573 4
56597 11
60736 4
60738 11
60759 6
60762 3
60770 3
60771 6
60777 9
60786 12
60790 3
60791 11
60792 5
60817 11
60837 8
60838 12
60839 5
60861 2
60883 15
60908 12
60909 15
60956 2
60994 16
61005 6
61012 2
61014 13
61022 13
61039 6
61041 11
61043 2
61044 14
61049 2
61062 11
61107 12
61153 2
61545 8
62141 12
62172 10
62185 6
62186 6
62187 3
62243 6
62244 7
62255 7
62256 12
62266 14
62268 11
62288 5
62300 14
62301 5
62422 3
62423 2
62528 2
62533 10
62577 12
62624 17
62641 8
62642 10
62675 10
62676 28
62693 9
62748 11
62758 19
62759 3
62760 2
62773 16
62774 16
62775 6
62871 13
62959 11
62960 32
62962 14
62964 11
62970 8
62978 21
62994 10
62996 10
62997 3
63040 21
63041 11
63042 12
63058 20
63059 25
63060 23
63106 11
63107 10
63203 7
63424 19
63426 16
63457 3
63459 10
63474 8
64358 2
64384 10
64385 11
64393 4
64432 10
64480 4
64490 9
65977 10
65984 8
65993 25
66006 7
66022 6
66029 7
66030 7
66036 11
66039 13
66045 6
66051 10
66056 14
66066 5
66083 12
66126 42
66488 2
66499 15
66510 18
66515 34
66531 20
66542 3
66557 9
66582 12
66592 10
66633 40
66744 8
66749 10
66781 12
66792 24
66813 11
66829 14
66836 11
66839 2
66840 2
66842 26
67254 12
67350 6
67393 8
67400 12
67414 3
67593 10
67600 5
67616 9
68082 12
68083 6
68091 2
68112 3
68115 2
68143 22
68156 16
68159 2
68191 24
68272 5
68275 2
68282 10
68291 19
68298 9
68300 7
68306 7
68315 10
68316 4
68319 4
68325 8
68326 9
68328 12
68331 7
68339 13
68348 4
68589 24
68605 16
68608 12
68729 3
68745 9
72932 12
72942 13
75624 12
