7 2
9 23
10 8
11 28
12 25
13 61
14 20
16 15
17 4
18 11
21 2
22 19
24 12
26 10
27 13
29 7
30 6
31 26
33 2
34 15
221 13
225 11
226 12
233 3
237 7
239 3
241 10
242 7
243 14
249 2
251 14
252 17
253 9
254 5
255 17
257 19
258 11
259 25
260 9
263 16
264 5
265 23
266 19
267 2
269 12
284 2
285 6
292 10
306 13
309 11
310 12
318 24
321 35
322 10
328 11
330 11
331 6
332 3
333 18
334 2
335 3
337 23
338 7
339 20
340 13
341 7
342 5
346 13
347 12
351 11
352 14
357 8
358 8
361 11
366 5
368 2
369 5
378 11
379 8
383 7
385 20
400 9
401 7
402 7
405 3
406 13
408 12
410 4
411 2
414 13
417 31
427 30
445 25
448 22
451 12
457 5
460 9
462 2
465 3
466 10
468 13
470 7
474 4
475 11
479 23
480 2
483 5
487 12
489 4
494 6
496 12
504 3
507 7
508 10
510 16
514 9
516 13
523 11
524 42
529 4
532 2
533 6
534 2
538 19
540 5
542 12
547 6
553 24
556 23
563 3
564 36
565 14
566 3
567 11
577 5
581 30
588 10
593 12
594 13
607 2
616 13
630 16
653 4
654 32
655 2
657 12
662 22
663 11
689 25
692 17
698 4
699 42
704 2
711 22
739 12
748 11
758 12
762 14
770 16
771 15
772 12
774 2
777 17
804 13
808 11
818 26
820 13
835 4
850 13
853 7
858 5
864 25
865 16
870 11
871 20
872 10
881 22
884 10
887 4
893 10
906 55
911 11
914 11
915 11
920 11
924 8
928 13
941 17
947 12
950 2
956 14
958 7
960 8
965 7
966 8
972 13
973 28
976 8
978 2
984 7
987 15
999 3
1000 14
1006 25
1016 3
1020 14
1023 23
1030 3
1031 2
1038 3
1039 18
1047 27
1048 6
1054 33
1065 16
1074 2
1075 12
1076 9
1078 9
1081 22
1113 29
1114 34
1115 15
1116 69
1123 16
1125 8
1126 12
1127 2
1128 14
1129 16
1136 5
1137 11
1152 10
1153 7
1155 8
1196 8
1201 5
1202 8
1214 8
1218 4
1236 27
1238 10
1240 14
1243 13
1249 10
1255 3
1279 10
1292 19
1293 10
1298 6
1300 13
1301 2
1311 2
1321 8
1323 7
1324 12
1331 36
1335 16
1337 7
1339 12
1344 2
1351 11
1352 28
1353 15
1354 11
1355 25
1358 13
1359 3
1361 5
1367 13
1374 7
1375 3
1376 8
1378 95
1379 65
1380 3
1382 37
1383 18
1385 2
1386 19
1387 13
1390 5
1391 28
1400 22
1402 9
1403 14
1404 21
1405 30
1407 11
1415 3
1423 13
1457 2
1460 14
1470 13
1471 2
1481 13
1499 10
1510 14
1511 5
1512 3
1518 13
1522 17
1532 10
1567 14
1581 2
1582 10
1583 11
1584 8
1585 22
1586 25
1588 15
1589 9
1590 25
1591 2
1598 5
1618 9
1620 12
1633 8
1634 11
1637 14
1640 14
1643 20
1644 7
1645 3
1661 16
1671 13
1677 4
1680 9
1683 14
1684 30
1692 7
1693 4
1705 18
1706 12
1709 14
1710 14
1711 3
1722 11
1724 6
1725 12
1726 8
1727 13
1728 12
1729 11
1748 13
1749 12
1750 12
1751 14
1754 14
1756 2
1762 11
1765 26
1767 12
1770 13
1771 11
1772 3
1783 7
1784 22
1785 8
1786 5
1788 31
1789 7
1831 5
1832 12
1842 12
1843 17
1844 12
1845 5
1846 3
1848 8
1849 15
1850 14
1861 15
1862 12
1863 3
1864 29
1866 13
1867 10
1887 3
1889 16
1890 21
1914 9
1916 7
1918 12
1936 15
1938 14
1945 12
1948 2
1949 10
1950 9
1951 14
1952 12
1954 10
1957 7
1962 12
1964 10
1977 2
1979 9
1999 2
2000 12
2001 5
2005 3
2006 12
2008 12
2011 4
2026 2
2029 8
2030 14
2031 13
2032 4
2033 14
2036 12
2040 10
2041 11
2042 5
2068 5
2076 13
2077 10
2081 20
2088 9
2113 4
2114 7
2116 6
2120 12
2121 8
2129 14
2136 15
2137 4
2138 9
2146 10
2148 8
2178 6
2186 2
2230 2
2232 7
2242 11
2261 9
2272 20
2277 13
2279 9
2280 11
2286 12
2312 9
2346 7
2347 12
2348 13
2351 5
2352 12
2360 2
2364 22
2392 12
2401 16
2423 8
2431 11
2444 2
2463 25
2464 11
2465 5
2468 12
2469 2
2470 4
2486 22
2487 3
2488 9
2510 24
2513 6
2516 9
2517 15
2518 24
2519 16
2522 12
2534 13
2545 6
2547 12
2550 25
2551 33
2599 14
2612 2
2614 11
2619 10
2631 13
2632 23
2633 9
2634 13
2635 8
2636 10
2637 12
2646 10
2660 4
2676 2
2680 12
2693 23
2700 14
2704 18
2708 40
2725 6
2726 2
2727 11
2738 2
2740 3
2742 3
2760 11
2764 3
2770 10
2772 7
2780 8
2781 9
2788 12
2791 14
2793 23
2795 12
2802 36
2803 2
2804 3
2807 17
2808 12
2836 8
2837 2
2838 15
2839 39
2843 13
2850 4
2851 13
2879 12
2882 9
2909 21
2930 8
2933 15
2934 23
2942 3
2982 6
2984 10
2985 13
2994 2
3007 35
3008 26
3009 23
3027 8
3090 2
3091 4
3093 2
3097 16
3105 24
3112 7
3113 15
3114 8
3115 14
3119 13
3122 6
3125 11
3132 8
3136 17
3154 13
3158 3
3162 14
3163 23
3164 2
3168 11
3191 16
3201 7
3204 25
3206 3
3207 17
3208 12
3216 7
3225 8
3227 2
3249 3
3250 2
3288 17
3290 23
3291 16
3294 7
3295 2
3305 14
3346 13
3347 8
3356 2
3358 4
3364 12
3366 29
3367 14
3368 9
3375 7
3378 13
3379 12
3380 15
3383 25
3384 23
3392 9
3439 2
3458 10
3459 25
3460 14
3462 3
3468 7
3469 10
3471 12
3486 10
3487 11
3488 7
3489 2
3501 10
3502 16
3504 46
3525 4
3535 13
3565 12
3566 67
3567 3
3591 5
3599 2
3600 7
3604 17
3615 12
3642 4
3643 12
3644 2
3646 10
3647 13
3648 17
3650 14
3651 12
3652 11
3653 12
3657 2
3658 20
3659 3
3660 8
3661 4
3662 12
3663 2
3691 3
3713 6
3714 2
3717 7
3719 23
3723 11
3740 9
3754 3
3785 11
3788 3
3791 10
3796 8
3799 14
3800 25
3802 19
3803 8
3804 5
3809 3
3810 6
3894 15
3895 15
3896 15
3898 2
3899 2
3916 3
3920 10
3928 5
3946 11
3947 7
3951 34
3961 40
3971 4
3981 13
3985 11
4001 3
4011 21
4031 17
4034 7
4035 14
4036 11
4040 3
4041 15
4042 10
4050 16
4051 6
4052 22
4057 7
4058 10
4059 11
4061 24
4067 7
4069 12
4070 13
4071 36
4081 19
4128 3
4131 4
4132 10
4133 6
4134 7
4135 5
4136 19
4138 12
4147 4
4148 12
4150 2
4152 5
4169 21
4170 2
4185 5
4201 43
4210 6
4220 11
4248 7
4250 10
4251 3
4260 21
4265 10
4266 12
4284 10
4287 2
4292 5
4293 2
4294 13
4297 22
4306 5
4312 27
4315 10
4318 7
4319 13
4328 13
4329 8
4361 2
4363 10
4394 11
4396 19
4402 2
4403 13
4415 14
4426 4
4427 2
4463 11
4466 15
4467 2
4471 14
4474 10
4477 10
4478 19
4481 3
4483 3
4486 6
4487 19
4505 7
4509 3
4518 10
4520 24
4547 5
4550 9
4563 25
4570 6
4571 10
4606 6
4607 44
4614 2
4615 14
4620 13
4621 5
4628 27
4629 9
4645 13
4646 5
4647 8
4654 3
4655 6
4656 23
4657 14
4682 7
4685 12
4686 23
4688 2
4691 7
4692 17
4693 8
4708 12
4709 2
4743 9
4773 5
4797 5
4798 16
4805 17
4808 12
4812 24
4820 23
4828 17
4829 2
4831 13
4833 12
4834 16
4835 2
4836 17
4837 5
4869 2
4890 9
4899 11
4940 14
4941 8
4942 16
4962 10
4965 2
4966 14
4967 12
4969 8
4970 10
4971 6
4972 11
4973 2
5002 7
5008 9
5011 12
5013 10
5047 8
5049 12
5050 8
5053 15
5057 12
5066 5
5074 14
5085 14
5086 11
5087 33
5088 11
5090 6
5099 4
5102 36
5103 7
5104 11
5133 14
5135 14
5144 3
5152 22
5154 13
5156 48
5157 2
5158 23
5159 10
5160 17
5161 14
5164 32
5165 2
5167 2
5171 9
5172 26
5173 14
5174 2
5176 38
5178 9
5180 9
5181 5
5183 14
5184 31
5185 44
5187 58
5188 13
5189 53
5190 67
5193 25
5195 21
5196 26
5197 2
5199 48
5200 2
5203 5
5205 31
5207 19
5208 21
5209 8
5211 11
5212 28
5213 19
5214 18
5215 13
5216 3
5217 10
5219 58
5220 9
5221 28
5223 3
5224 9
5227 2
5229 5
5230 20
5231 58
5234 9
5236 29
5237 35
5238 48
5239 3
5240 62
5241 12
5242 15
5243 17
5244 41
5245 21
5247 6
5248 11
5249 15
5250 12
5251 11
5252 34
5255 16
5256 5
5257 10
5259 5
5260 2
5261 26
5262 31
5263 15
5264 25
5265 10
5267 8
5269 15
5271 3
5272 19
5274 33
5276 49
5277 19
5278 11
5280 40
5282 18
5283 33
5284 6
5285 56
5286 29
5287 24
5289 63
5290 12
5291 4
5293 52
5294 59
5295 13
5298 26
5302 12
5303 16
5304 29
5305 8
5306 2
5308 3
5310 53
5311 13
5312 12
5314 28
5317 11
5318 13
5319 19
5321 6
5324 23
5325 13
5326 22
5329 47
5331 38
5335 7
5337 15
5342 3
5343 5
5344 10
5345 6
5346 3
5347 12
5348 43
5350 24
5352 6
5353 51
5354 2
5355 15
5356 14
5357 11
5358 2
5359 19
5360 3
5361 4
5364 3
5365 8
5366 15
5368 21
5369 16
5370 35
5371 16
5374 10
5375 51
5376 30
5377 17
5379 12
5380 17
5384 15
5386 36
5387 6
5389 29
5390 49
5391 51
5392 21
5393 20
5394 14
5396 33
5397 13
5399 7
5400 15
5401 34
5403 9
5404 52
5405 39
5406 15
5407 9
5408 6
5409 12
5410 16
5411 15
5412 20
5414 17
5417 3
5418 14
5419 12
5421 42
5422 2
5423 10
5425 2
5426 5
5428 34
5430 6
5433 5
5441 128
5447 17
5451 21
5465 18
5468 16
5470 2
5484 15
5486 31
5487 7
5502 4
5503 3
5504 7
5505 12
5511 11
5520 17
5522 23
5523 11
5525 11
5529 11
5530 17
5540 15
5543 9
5546 4
5549 6
5551 12
5557 13
5558 16
5574 41
5575 13
5576 11
5592 6
5594 13
5612 13
5627 4
5648 13
5665 5
5666 33
5674 12
5684 2
5685 3
5691 9
5698 2
5700 6
5701 4
5703 13
5718 3
5720 2
5730 15
5733 14
5734 12
5736 21
5791 10
5807 17
5808 14
5809 10
5820 15
5831 8
5834 24
5840 2
5841 14
5877 6
5891 10
5894 2
5908 12
5925 2
5958 15
5962 13
5979 2
5980 6
5985 6
5988 7
6066 11
6069 9
6086 16
6092 10
6096 14
6100 11
6103 6
6106 10
6113 8
6117 6
6118 6
6120 21
6123 17
6124 6
6126 8
6129 17
6134 21
6137 2
6143 17
6146 15
6147 14
6149 15
6150 7
6162 11
6179 2
6219 3
6235 12
6252 10
6255 2
6264 11
6269 11
6288 10
6303 8
6306 2
6308 14
6317 12
6325 13
6340 9
6342 16
6355 2
6357 10
6372 11
6373 18
6376 17
6390 7
6397 22
6407 10
6408 9
6423 15
6440 6
6459 7
6474 13
6491 2
6562 26
6569 21
6570 8
6571 2
6575 13
6576 15
6577 11
6578 2
6579 25
6587 12
6589 7
6591 10
6593 10
6594 11
6602 15
6608 14
6631 3
6634 9
6643 12
6648 11
6665 20
6667 12
6670 12
6675 10
6682 16
6684 8
6688 14
6694 2
6695 15
6716 11
6766 3
6767 31
6769 12
6772 14
6775 8
6779 12
6784 21
6786 12
6789 7
6792 12
6795 14
6818 10
6823 10
6826 7
6852 12
6888 13
6898 16
6905 3
6915 8
6922 6
6923 2
6932 2
6936 11
6940 3
6941 8
6942 7
6945 17
6947 9
6950 19
6951 5
6959 15
6973 12
6990 12
7007 7
7009 14
7022 11
7024 24
7026 22
7038 13
7042 19
7045 14
7046 21
7048 15
7049 2
7051 15
7054 13
7055 2
7058 22
7059 12
7062 6
7075 7
7092 6
7125 5
7147 2
7151 12
7152 12
7161 8
7162 9
7164 16
7165 12
7169 11
7171 11
7174 3
7183 7
7212 8
7279 19
7280 71
7283 8
7284 9
7285 12
7286 3
7287 11
7292 21
7295 22
7297 16
7300 18
7301 15
7302 5
7304 12
7306 11
7309 10
7381 6
7382 19
7388 8
7391 12
7394 11
7397 14
7398 20
7399 15
7400 58
7411 8
7412 16
7415 7
7434 29
7436 15
7441 8
7451 6
7462 9
7464 17
7468 2
7472 11
7478 5
7479 3
7495 2
7512 25
7534 12
7536 12
7553 10
7587 17
7589 42
7604 3
7621 15
7623 14
7628 12
7638 28
7640 7
7651 21
7655 11
7658 24
7667 3
7668 14
7671 6
7673 8
7685 10
7686 8
7703 12
7707 36
7719 3
7720 24
7727 14
7737 7
7741 4
7743 14
7744 19
7749 25
7752 2
7755 11
7758 29
7760 14
7771 2
7775 3
7777 4
7788 17
7799 18
7826 11
7833 14
7844 7
7860 21
7862 9
7866 2
7876 7
7877 53
7879 7
7880 11
7886 12
7889 9
7892 12
7922 8
7935 13
7938 12
7949 9
7980 14
7981 8
7983 2
8020 3
8049 13
8057 15
8083 25
8086 13
8120 3
8134 11
8145 10
8168 25
8170 2
8176 13
8182 19
8185 67
8190 13
8194 10
8196 26
8199 10
8202 6
8212 4
8214 12
8218 5
8220 2
8232 10
8233 2
8237 22
8247 16
8249 8
8254 16
8260 15
8263 8
8266 7
8281 3
8283 8
8293 20
8300 6
8305 2
8315 6
8332 7
8339 16
8348 2
8356 25
8365 6
8368 11
8378 11
8383 8
8400 14
8407 36
8419 9
8424 13
8445 13
8448 6
8473 15
8495 12
8512 11
8539 5
8543 12
8544 3
8555 8
8556 11
8557 10
8559 12
8572 12
8573 12
8574 8
8578 13
8580 12
8585 2
8595 15
8599 12
8610 6
8612 9
8618 13
8629 29
8635 9
8636 16
8644 8
8646 16
8653 16
8661 3
8663 8
8680 28
8681 2
8683 16
8686 12
8692 11
8695 12
8696 8
8697 27
8700 23
8703 2
8712 34
8731 19
8738 14
8749 25
8764 2
8766 18
8767 20
8800 4
8817 2
8818 18
8834 15
8835 17
8851 20
8868 12
8881 3
8902 20
8919 15
8920 6
8926 13
8937 11
8942 14
9003 4
9004 28
9005 6
9007 9
9010 15
9016 7
9019 24
9020 9
9038 5
9051 9
9057 16
9068 13
9072 6
9074 31
9085 29
9089 2
9091 25
9093 13
9097 3
9106 4
9110 25
9112 2
9115 16
9116 11
9125 10
9130 19
9132 16
9133 12
9139 9
9142 13
9149 3
9156 8
9159 2
9162 26
9179 7
9192 2
9193 2
9210 8
9212 14
9213 6
9218 2
9224 8
9227 18
9244 4
9252 8
9254 7
9261 19
9277 7
9278 13
9295 13
9299 14
9305 21
9311 15
9313 9
9317 7
9320 9
9323 2
9337 2
9347 14
9350 10
9353 14
9354 8
9356 17
9357 10
9359 3
9362 5
9364 10
9368 6
9371 13
9381 15
9385 24
9388 3
9431 15
9432 30
9433 2
9436 11
9437 5
9443 10
9449 53
9451 2
9453 23
9456 7
9458 13
9460 4
9463 11
9465 12
9468 3
9480 12
9482 19
9483 13
9484 11
9485 8
9487 21
9492 13
9500 33
9502 18
9505 14
9509 12
9511 2
9516 3
9517 11
9519 5
9526 12
9535 9
9539 7
9543 24
9545 4
9550 19
9556 2
9558 4
9560 25
9568 32
9588 13
9590 22
9593 11
9606 49
9617 4
9618 8
9620 11
9623 15
9624 40
9627 4
9635 15
9636 2
9638 5
9660 5
9673 5
9677 51
9685 12
9688 12
9691 6
9694 54
9697 8
9702 12
9703 4
9705 11
9714 10
9717 11
9722 22
9723 14
9725 5
9729 35
9733 8
9741 6
9746 69
9747 2
9750 9
9758 8
9760 21
9763 44
9769 3
9774 15
9775 3
9777 24
9780 25
9783 21
9798 43
9801 21
9804 12
9806 32
9807 11
9815 25
9823 14
9840 6
9841 6
9848 14
9850 15
9851 3
9852 15
9854 8
9856 2
9860 2
9861 8
9862 9
9864 22
9865 4
9866 26
9868 3
9870 9
9874 10
9876 12
9877 2
9878 50
9879 6
9880 8
9881 11
9882 2
9883 2
9886 17
9887 5
9888 14
9889 7
9890 2
9892 11
9894 8
9895 6
9896 4
9899 11
9901 11
9903 31
9904 8
9907 36
9908 6
9909 4
9910 3
9918 2
9923 6
9927 31
9928 25
9937 12
9939 2
9941 13
9943 19
9944 7
9947 12
9951 7
9953 18
9957 2
9958 2
9959 4
9960 16
9962 17
9965 41
9966 35
9968 3
9969 12
9970 2
9971 17
9972 13
9973 4
9974 11
9975 6
9976 15
9977 2
9978 3
9979 11
9981 36
9982 72
9984 6
9989 7
9990 7
9991 17
9992 12
9994 15
9995 11
9999 4
10000 19
10010 14
10011 22
10012 4
10013 10
10015 7
10016 11
10018 3
10020 13
10146 18
10147 12
10148 11
10149 21
10150 11
10151 9
10155 3
10190 6
10191 12
10192 21
10223 22
10224 14
10225 15
10226 8
10227 14
10228 3
10229 13
10230 16
10231 7
10232 13
10300 11
10322 6
10354 18
10369 12
10375 7
10401 3
10406 13
10408 2
10411 9
10414 14
10418 14
10421 15
10426 17
10431 19
10432 11
10440 10
10455 20
10457 25
10459 14
10474 13
10477 2
10479 11
10483 14
10515 11
10526 13
10537 12
10539 11
10550 14
10553 11
10554 13
10557 14
10605 12
10611 14
10613 14
10626 3
10628 15
10630 21
10632 12
10643 2
10647 14
10657 7
10660 12
10664 16
10683 3
10686 6
10706 6
10711 14
10720 16
10723 11
10724 11
10728 13
10742 12
10748 3
10754 4
10771 9
10781 6
10788 2
10795 12
10812 23
10820 12
10838 12
10863 11
10869 25
10876 12
10929 10
10935 5
10946 13
10947 2
10952 14
10961 10
10969 11
10975 5
10978 12
10981 15
11016 3
11026 7
11037 11
11043 2
11047 5
11050 14
11051 6
11063 11
11065 11
11078 13
11091 12
11095 20
11108 12
11147 12
11148 11
11151 11
11154 15
11157 14
11164 14
11181 4
11198 12
11217 19
11222 5
11225 24
11240 3
11293 9
11310 11
11336 4
11369 10
11376 4
11403 11
11404 22
11427 18
11454 12
11457 11
11460 13
11471 11
11478 12
11483 8
11512 12
11520 9
11528 10
11529 12
11537 6
11568 8
11571 11
11575 13
11585 3
11586 11
11602 14
11603 14
11607 7
11615 7
11618 13
11619 13
11621 11
11622 13
11636 15
11642 3
11643 12
11660 12
11677 9
11707 22
11713 11
11716 8
11755 11
11765 18
11782 11
11803 2
11816 13
11817 7
11821 8
11834 2
11851 14
11855 13
11867 4
11884 2
11901 13
11905 10
11906 22
11910 12
11923 14
11925 10
11931 4
11935 22
11942 17
11943 8
11983 8
12035 10
12139 11
12142 18
12168 5
12183 6
12185 5
12204 19
12208 31
12211 13
12225 14
12228 4
12238 16
12270 9
12273 2
12287 3
12293 16
12298 2
12302 18
12328 12
12339 13
12374 9
12381 3
12385 11
12390 3
12391 12
12397 20
12400 12
12401 3
12403 13
12419 6
12426 2
12431 10
12437 7
12452 21
12475 8
12486 6
12503 6
12504 7
12527 18
12544 11
12549 11
12561 9
12579 18
12596 7
12604 2
12605 3
12622 8
12630 6
12642 6
12647 10
12650 16
12652 10
12653 3
12669 14
12671 18
12681 14
12682 7
12684 12
12697 3
12709 18
12719 9
12736 9
12746 13
12830 7
12858 3
12868 21
12869 18
12874 3
12875 2
12880 19
12978 12
12992 9
12996 12
13004 9
13007 17
13021 13
13031 7
13063 6
13069 18
13089 14
13094 19
13107 13
13113 7
13116 21
13123 8
13126 7
13134 8
13135 6
13151 2
13156 9
13173 7
13195 6
13208 7
13212 4
13223 15
13229 9
13233 12
13240 20
13241 13
13246 2
13247 8
13250 16
13251 6
13303 7
13338 8
13360 11
13369 13
13380 13
13381 2
13386 12
13393 7
13398 18
13410 3
13418 12
13439 15
13449 14
13453 11
13466 15
13482 14
13487 25
13500 13
13501 11
13502 5
13505 14
13556 12
13593 11
13602 2
13603 7
13628 13
13679 2
13704 7
13730 5
13766 14
13781 3
13798 2
13832 8
13834 3
13866 15
13881 14
13895 11
13917 10
13936 15
13941 4
13944 11
13953 10
13964 12
13981 5
14003 12
14010 11
14016 11
14018 3
14020 7
14022 11
14030 13
14044 20
14054 3
14060 11
14063 11
14064 3
14069 4
14071 24
14077 6
14078 8
14080 23
14082 13
14086 6
14117 11
14139 3
14143 8
14145 12
14146 7
14156 10
14162 3
14165 9
14169 24
14173 14
14179 20
14190 12
14207 2
14251 11
14256 3
14273 7
14275 17
14309 11
14315 20
14318 3
14325 6
14327 14
14329 14
14346 18
14359 19
14363 2
14369 11
14372 13
14421 15
14422 9
14426 9
14437 8
14447 13
14453 4
14467 17
14472 14
14489 8
14514 10
14523 11
14529 11
14531 4
14544 11
14557 12
14565 11
14589 7
14600 18
14606 23
14608 3
14611 17
14631 12
14633 13
14654 9
14728 8
14729 11
14730 11
14731 11
14732 7
14737 2
14739 12
14777 3
14778 11
14779 23
14780 5
14781 17
14783 18
14785 11
14786 4
14787 5
14789 8
14790 12
14791 2
14792 11
14793 3
14825 25
14826 7
14827 7
14828 11
14829 3
14831 23
14832 3
14834 14
14854 8
14855 2
14856 19
14857 14
14858 10
14859 12
14860 14
14861 2
14863 12
14918 3
14919 4
14921 20
14922 12
14923 31
14925 16
14948 2
14949 17
14950 7
14951 5
14952 22
14956 22
15041 4
15073 11
15075 7
15079 15
15081 4
15082 2
15083 2
15084 13
15085 6
15224 20
15225 8
15227 5
15228 9
15229 2
15230 11
15231 15
15232 3
15233 15
15271 13
15272 5
15274 11
15323 5
15325 2
15327 10
15329 19
15331 11
15332 9
15333 2
15369 2
15370 2
15371 12
15374 13
15377 13
15444 34
15445 10
15446 15
15447 2
15448 15
15449 19
15450 11
15451 2
15452 13
15456 12
15481 12
15482 3
15483 15
15485 21
15486 6
15487 12
15541 13
15542 11
15584 21
15585 13
15586 10
15589 13
15590 6
15602 11
15605 7
15611 12
15612 8
15659 6
15660 7
15668 12
15681 14
15682 17
15684 4
15686 13
15687 17
15758 3
15780 11
15789 15
15790 7
15791 4
15792 2
15796 9
15798 3
15832 2
15833 11
15913 15
15914 7
15916 6
15917 5
15924 7
15942 11
16014 10
16016 16
16017 11
16018 3
16019 2
16020 3
16045 6
16047 7
16058 11
16061 17
16062 4
16063 3
16064 23
16065 13
16066 12
16172 11
16173 16
16176 14
16177 8
16180 12
16182 13
16238 8
16348 7
16349 2
16350 12
16353 3
16354 14
16355 3
16356 2
16357 8
16361 2
16362 12
16363 14
16364 21
16365 6
16367 16
16368 6
16369 21
16407 9
16409 18
16410 9
16412 7
16413 2
16471 8
16526 3
16528 9
16529 9
16530 13
16533 2
16544 11
16547 12
16647 3
16708 7
16732 8
16737 4
16740 13
16742 6
16857 2
16858 7
16859 12
16861 12
16862 3
16863 2
16908 8
16933 12
16934 10
16935 15
16936 17
16937 5
16938 9
16939 6
17119 9
17120 2
17121 6
17131 6
17132 4
17137 12
17139 3
17140 15
17141 7
17142 5
17144 11
17214 5
17215 15
17216 10
17217 2
17218 3
17307 12
17308 13
17309 8
17310 11
17404 13
17405 4
17433 2
17438 3
17507 34
17509 3
17520 2
17521 6
17522 14
17523 8
17526 2
17565 3
17566 12
17602 5
17603 2
17604 4
17605 12
17607 5
17610 6
17611 2
17614 12
17616 12
17617 7
17618 7
17629 8
17671 3
17672 12
17673 8
17681 12
17682 12
17684 12
17697 8
17721 15
17722 12
17723 7
17725 11
17726 7
17727 10
17728 5
17729 2
17730 18
17753 13
17754 2
17755 5
17757 4
17759 12
17776 3
17777 2
17778 5
17779 8
17783 5
17784 13
17785 18
17786 12
17787 18
17788 3
17789 2
17793 6
17794 3
17796 12
17859 8
17945 4
17947 24
17948 9
17949 3
17950 5
17951 3
17952 5
17953 6
17954 12
17976 14
17977 10
17978 16
17979 12
17982 3
17983 10
18023 11
18024 3
18026 3
18027 13
18028 9
18030 2
18032 3
18035 16
18036 3
18037 12
18038 10
18039 9
18040 19
18041 9
18042 3
18043 6
18044 15
18139 3
18140 9
18141 2
18142 16
18143 25
18144 3
18145 2
18146 12
18147 21
18148 11
18205 17
18213 10
18388 2
18416 20
18417 9
18444 10
18445 12
18446 14
18519 12
18520 2
18544 10
18545 11
18548 17
18551 3
18552 2
18576 10
18577 10
18578 2
18579 16
18580 2
18582 12
18675 5
18676 5
18677 14
18678 9
18679 10
18680 5
18682 3
18726 15
18729 12
18741 6
18742 12
18752 7
18753 6
18754 8
18755 8
18756 2
18757 11
18758 2
18759 13
18760 9
18761 10
18762 14
18851 21
18852 7
18853 10
18856 7
18858 3
18861 23
19028 3
19030 2
19261 6
19383 10
19384 2
19385 26
19386 4
19387 12
19388 11
19389 23
19390 10
19391 20
19392 4
19393 2
19438 10
19497 5
19498 5
19499 9
19500 3
19502 12
19504 10
19681 7
19682 23
19683 10
19685 3
19686 11
19687 3
19688 3
19689 12
19690 2
19691 2
19705 3
19766 9
19767 14
19768 14
19802 5
19805 2
19806 6
19809 16
19860 6
19862 2
19863 2
19864 22
19925 10
19926 4
19927 14
19978 4
20092 10
20093 12
20095 13
20096 3
20097 17
20099 10
20134 9
20136 2
20137 10
20138 12
20139 16
20154 10
20155 5
20157 6
20175 6
20176 8
20200 13
20202 17
20203 14
20205 3
20228 10
20233 8
20234 8
20235 3
20236 2
20237 22
20238 6
20239 3
20241 8
20250 4
20252 11
20253 6
20286 11
20287 17
20288 2
20290 6
20408 12
20410 9
20412 11
20416 10
20430 22
20431 3
20432 3
20433 9
20434 3
20436 18
20438 6
20463 18
20465 14
20466 3
20467 11
20498 11
20502 3
20503 9
20504 2
20506 10
20508 20
20811 13
20813 6
20814 12
20815 10
20816 14
20852 3
20857 3
20858 8
20859 13
20860 14
20938 7
20941 10
21026 9
21030 11
21032 3
21035 7
21036 13
21049 2
21053 8
21054 22
21055 13
21056 14
21091 6
21114 15
21115 20
21116 7
21118 2
21119 8
21121 13
21123 3
21265 4
21269 3
21270 13
21271 11
21272 8
21273 23
21275 12
21436 16
21438 3
21440 21
21441 3
21459 3
21460 8
21461 2
21510 2
21542 13
21570 11
21571 2
21572 7
21577 8
21596 10
21597 10
21601 5
21602 7
21603 7
21604 24
21605 3
21635 8
21636 18
21637 4
21638 3
21639 2
21640 6
21641 9
21642 21
21643 11
21644 11
21645 12
21778 13
21779 14
21784 12
22137 15
22138 17
22141 13
22161 8
22200 9
22201 17
22202 15
22203 13
22204 2
22206 5
22267 7
22271 6
22274 3
22275 11
22276 2
22339 12
22343 3
22344 2
22345 8
22367 8
22370 12
22376 13
22378 9
22379 13
22380 5
22381 11
22383 22
22445 22
22446 10
22448 7
22449 12
22451 4
22452 6
22453 11
22455 3
22456 2
22477 11
22478 11
22479 2
22480 21
22549 12
22561 2
22562 13
22563 7
22564 13
22566 2
22567 6
22578 3
22583 8
22596 12
22597 3
22598 6
22625 10
22626 23
22627 11
22628 9
22629 25
22675 11
22696 3
22698 3
22701 6
22707 5
22708 13
22720 17
22742 11
22743 10
22744 25
22764 22
22765 4
22766 12
22767 12
22769 10
22771 13
22773 7
22774 3
22778 10
22779 12
22780 6
22781 9
22782 11
22783 5
22784 6
22785 7
22789 6
22791 12
22792 6
22793 23
22794 6
22795 11
22799 20
22841 9
22842 7
22843 14
22844 11
22846 6
22847 2
22848 8
22896 9
22973 12
22974 7
22984 11
22988 11
23017 8
23019 9
23022 3
23023 11
23024 11
23025 4
23026 6
23027 8
23092 24
23165 4
23168 11
23172 2
23173 5
23196 13
23197 15
23203 11
23205 10
23218 12
23220 19
23221 10
23223 19
23224 7
23226 7
23287 12
23327 10
23351 2
23352 13
23353 3
23354 13
23357 5
23358 2
23359 10
23419 23
23420 2
23421 9
23422 27
23423 10
23424 18
23425 5
23539 12
23540 12
23542 15
23543 3
23592 4
23593 6
23594 3
23595 10
23596 14
23597 6
23607 12
23653 11
23654 11
23655 12
23678 9
23680 8
23683 14
23684 2
23722 5
23779 7
23780 13
23782 9
23787 4
23794 2
23795 12
23796 8
23797 13
23799 14
23800 10
23806 11
23809 23
23810 3
23811 15
23823 3
23824 11
23825 3
23827 3
23828 6
23830 12
23831 3
23833 4
23904 5
23953 3
23954 2
23955 2
23957 15
23958 13
23982 16
23983 2
23984 4
23985 2
23986 14
23988 8
23989 7
23991 3
24077 8
24092 12
24101 7
24125 3
24127 3
24128 13
24129 19
24130 19
24131 3
24132 6
24134 4
24136 10
24137 3
24138 9
24139 7
24140 12
24141 12
24142 14
24143 14
24144 11
24145 2
24150 13
24151 12
24152 10
24153 11
24154 13
24155 16
24184 12
24186 19
24187 11
24188 3
24270 2
24271 2
24272 6
24273 10
24275 2
24279 12
24311 4
24313 20
24315 11
24316 3
24321 8
24322 15
24323 18
24324 2
24325 15
24354 3
24387 3
24388 5
24420 4
24453 2
24454 11
24477 4
24479 6
24522 4
24523 23
24559 17
24560 21
24564 8
24634 12
24657 13
24658 2
24703 5
24705 3
24706 2
24707 16
24708 2
24709 2
24734 2
24735 7
24846 3
24847 2
24848 19
24849 13
24850 14
24852 11
24854 7
24855 11
24856 14
24879 11
24880 13
24881 7
24996 7
24997 2
24998 12
24999 2
25001 14
25002 6
25003 3
25062 22
25063 3
25065 10
25069 8
25238 13
25239 11
25260 2
25261 2
25262 13
25297 14
25298 15
25299 26
25300 13
25301 10
25302 2
25309 8
25312 7
25313 21
25314 3
25337 10
25338 3
25339 10
25359 3
25360 23
25383 2
25384 2
25385 12
25394 11
25406 12
25407 2
25409 3
25413 11
25419 10
25421 10
25423 3
25424 2
25453 11
25454 2
25456 12
25472 3
25474 14
25491 3
25492 2
25493 3
25494 33
25495 4
25496 10
25498 3
25545 19
25560 4
25563 3
25564 10
25565 3
25566 3
25592 11
25593 3
25594 9
25595 12
25631 7
25633 13
25634 12
25635 3
25636 3
25678 3
25726 10
25727 11
25737 2
25739 12
25740 6
25741 2
25742 3
25743 21
25769 5
25770 7
25771 13
25772 11
25808 3
25814 8
25827 8
25828 15
25829 4
25830 5
25833 3
25850 3
25851 4
25852 11
25855 14
25857 2
25858 3
25916 11
25917 11
25918 9
25919 15
25920 9
25921 3
25924 12
25930 12
25931 14
25932 11
25933 23
25935 11
25937 13
25949 11
25967 2
25968 4
25982 13
26004 4
26005 16
26026 7
26027 7
26028 2
26059 11
26075 3
26079 3
26091 13
26094 6
26109 2
26110 7
26111 19
26112 2
26113 12
26114 12
26115 11
26116 10
26199 13
26200 11
26203 8
26204 12
26207 14
26235 20
26237 12
26250 11
26251 3
26252 2
26253 12
26323 31
26324 13
26325 2
26328 10
26329 4
26330 15
26331 11
26332 14
26333 2
26334 16
26335 15
26348 10
26349 15
26350 11
26359 2
26375 13
26376 12
26377 5
26378 24
26379 13
26380 3
26396 13
26398 18
26400 3
26401 2
26402 10
26403 10
26404 9
26405 4
26414 13
26415 12
26449 10
26451 4
26461 8
26493 19
26530 13
26531 12
26556 6
26557 22
26558 22
26559 21
26560 10
26561 13
26562 4
26582 3
26583 7
26584 3
26588 12
26589 11
26590 11
26591 14
26592 12
26594 10
26604 5
26605 3
26606 2
26607 13
26608 2
26616 3
26617 7
26618 13
26619 3
26631 2
26647 15
26648 11
26649 11
26652 16
26697 11
26708 11
26709 2
26719 12
26720 11
26736 12
26737 12
26738 12
26740 14
26763 11
26774 13
26796 14
26797 11
26807 11
26808 4
26810 2
26811 21
26814 19
26858 13
26860 2
26861 14
26862 11
26888 2
26889 3
26891 3
26892 3
26893 3
26894 14
26910 3
26911 2
26912 2
26914 12
26915 11
26938 12
26942 11
26943 22
26945 12
26958 20
26961 13
26962 22
26966 12
26968 14
26969 4
26970 3
26971 15
26987 3
26988 2
26989 3
26990 2
26991 9
26993 13
26994 3
26995 14
27030 11
27063 2
27073 5
27091 11
27103 4
27104 7
27105 21
27136 2
27137 5
27138 12
27139 12
27140 9
27141 2
27164 12
27165 8
27166 11
27202 13
27203 8
27204 6
27205 6
27206 3
27207 21
27209 10
27210 17
27211 3
27212 9
27213 13
27215 11
27216 13
27217 13
27243 13
27244 2
27252 11
27265 22
27266 3
27267 17
27268 2
27269 23
27270 6
27297 14
27298 15
27310 20
27311 6
27312 3
27314 13
27315 12
27316 3
27317 14
27340 12
27341 10
27351 11
27352 12
27370 4
27371 5
27404 8
27406 3
27407 10
27430 12
27431 5
27432 8
27433 3
27434 14
27435 2
27496 8
27497 6
27499 22
27500 7
27501 9
27504 3
27505 13
27506 15
27507 14
27508 2
27525 6
27526 7
27527 21
27528 6
27531 11
27540 2
27541 14
27542 3
27551 2
27563 6
27565 14
27566 3
27618 11
27619 11
27620 6
27621 2
27622 14
27623 4
27647 2
27658 13
27660 2
27661 9
27662 12
27663 8
27665 2
27666 15
27676 2
27678 8
27680 13
27681 2
27682 21
27683 2
27704 4
27715 11
27795 12
27796 14
27797 3
27798 2
27799 22
27800 3
27803 11
27817 9
27818 12
27819 5
27820 20
27821 14
27823 6
27824 2
27827 13
27828 5
27832 17
27834 15
27845 9
27846 12
27858 7
27902 13
27903 12
27904 2
27990 6
28056 4
28067 11
28196 10
28252 3
28253 5
28255 9
28258 10
28259 11
28273 13
28290 13
28291 6
28293 6
28294 3
28295 11
28298 30
28310 13
28311 14
28312 19
28313 3
28314 12
28315 6
28316 2
28317 22
28342 15
28343 13
28344 12
28356 12
28357 15
28358 7
28360 12
28362 2
28363 9
28390 12
28391 12
28392 12
28393 2
28394 6
28395 11
28396 11
28433 5
28434 13
28435 20
28436 13
28437 23
28438 9
28440 7
28463 13
28464 7
28465 6
28467 13
28470 9
28518 12
28566 2
28567 12
28595 12
28600 12
28609 8
28613 8
28614 12
28615 2
28616 4
28617 4
28618 22
28620 12
28622 7
28704 5
28715 3
28752 4
28753 2
28754 13
28755 3
28756 13
28757 3
28758 23
28777 13
28780 2
28786 4
28787 5
28790 13
28791 9
28795 9
28796 6
28798 3
28799 11
28800 13
28801 2
28802 9
28832 10
28834 4
28835 11
28852 12
28854 15
28855 12
28856 7
28857 3
28858 3
28880 22
28897 22
28899 4
28900 12
28901 3
28903 11
28922 8
28923 4
28924 2
28926 21
28927 12
28928 4
28957 4
28959 3
28961 3
29044 3
29078 11
29079 12
29080 2
29101 11
29102 11
29114 12
29115 25
29117 13
29131 8
29133 11
29149 9
29150 2
29151 4
29271 22
29272 11
29289 14
29292 2
29293 8
29294 6
29295 3
29296 8
29297 14
29298 12
29299 13
29300 11
29301 12
29320 22
29322 11
29323 12
29324 7
29325 3
29403 7
29425 5
29447 3
29481 5
29482 3
29483 10
29484 16
29485 14
29486 12
29490 2
29539 13
29543 11
29544 3
29545 2
29546 6
29547 20
29548 15
29549 22
29550 8
29557 13
29568 6
29569 2
29572 2
29573 20
29575 2
29576 15
29737 36
29751 4
29752 7
29753 19
29754 3
29755 17
29756 10
29758 11
29770 24
29772 14
29773 12
29775 2
29778 11
29780 3
29791 3
29838 5
29839 15
29841 13
29844 9
29890 3
29894 3
29903 22
29905 11
29919 13
29931 4
29953 6
29954 3
29955 23
29956 15
30020 3
30021 6
30022 11
30023 10
30034 13
30038 20
30039 2
30065 12
30066 12
30067 20
30068 5
30070 4
30071 12
30075 13
30076 3
30077 12
30078 15
30079 12
30086 12
30087 6
30099 3
30100 11
30132 12
30133 3
30134 20
30135 2
30189 5
30211 12
30229 20
30231 15
30260 13
30263 2
30264 4
30265 3
30277 12
30278 8
30279 12
30287 11
30288 3
30343 8
30361 13
30365 14
30366 14
30371 9
30372 12
30374 2
30375 13
30376 14
30429 3
30432 4
30434 12
30436 22
30438 13
30441 22
30457 12
30459 2
30460 2
30462 2
30463 14
30464 11
30484 5
30487 14
30497 4
30500 21
30508 21
30537 7
30541 2
30546 22
30550 10
30553 4
30557 12
30574 14
30620 11
30624 5
30692 2
30695 11
30700 9
30716 5
30732 6
30748 15
30793 10
30806 9
30815 12
30838 28
30841 25
30847 10
30854 7
30867 7
30870 14
30892 2
30895 7
30932 21
30947 12
30963 7
30973 2
30979 27
31011 14
31012 12
31021 10
31038 9
31043 16
31074 7
31085 16
31086 11
31090 10
31103 10
31120 11
31131 20
31133 21
31135 6
31136 3
31188 23
31201 8
31206 8
31217 19
31222 14
31259 11
31275 6
31276 7
31291 20
31292 4
31310 8
31316 7
31343 7
31358 11
31366 13
31413 11
31414 14
31432 7
31440 8
31488 7
31504 16
31518 9
31521 6
31523 10
31531 5
31542 4
31566 14
31613 17
31634 5
31638 22
31663 21
31677 21
31705 6
31718 12
31727 19
31771 8
31775 12
31778 9
31792 15
31812 8
31824 3
31825 7
31830 25
31836 8
31840 14
31841 10
31844 8
31846 6
31882 13
31886 20
31892 12
31895 14
31901 16
31906 15
31907 3
31912 9
31915 14
31918 16
31923 4
31928 8
31951 7
31988 13
31992 7
31998 13
32008 18
32024 18
32032 3
32051 7
32059 12
32067 11
32069 13
32138 15
32145 7
32153 15
32157 2
32224 9
32229 8
32232 12
32234 12
32235 13
32236 15
32243 6
32263 8
32290 7
32313 12
32317 6
32358 17
32359 15
32375 7
32384 21
32394 8
32397 13
32400 16
32411 9
32429 12
32432 3
32433 4
32437 9
32448 16
32475 7
32481 8
32529 11
32530 6
32534 8
32550 5
32553 12
32556 23
32559 13
32565 7
32582 7
32614 14
32619 8
32640 12
32650 12
32672 6
32696 2
32703 12
32709 6
32713 8
32719 21
32725 22
32729 16
32741 13
32761 5
32786 14
32805 11
32811 22
32845 15
32848 12
32885 13
33005 8
33007 14
33021 14
33028 11
33032 19
33036 9
33042 4
33051 7
33056 14
33063 19
33079 9
33097 12
33124 16
33125 10
33126 11
33142 12
33143 12
33144 13
33154 11
33156 3
33163 11
33165 12
33170 17
33171 6
33172 8
33174 16
33181 14
33183 10
33203 11
33212 7
33217 16
33218 9
33226 8
33228 6
33236 10
33237 12
33242 22
33267 15
33283 8
33288 12
33315 3
33331 6
33334 4
33335 9
33350 13
33371 15
33376 14
33377 12
33413 12
33511 13
33512 15
33513 2
33517 11
33530 19
33557 11
33565 19
33578 10
33605 12
33652 11
33654 3
33785 12
33786 9
33787 7
33789 8
33796 13
33797 13
33798 8
33800 5
33851 11
33852 7
33901 14
33902 17
33903 11
33909 4
33912 19
33920 11
33943 12
33944 14
33955 19
33958 13
33959 20
34052 9
34074 12
34081 14
34083 4
34099 11
34101 6
34122 10
34144 13
34145 9
34146 6
34149 22
34187 13
34192 9
34195 12
34207 9
34208 21
34217 6
34225 14
34227 6
34256 21
34279 2
34294 14
34295 6
34324 2
34372 10
34373 8
34374 7
34420 12
34421 6
34423 13
34424 6
34425 16
34436 2
34468 11
34469 14
34470 11
34579 13
34581 3
34705 13
34707 18
34714 21
34723 6
34724 6
34725 17
34739 6
34744 10
34745 5
34746 12
34756 6
34758 8
34762 11
34764 6
34771 10
34779 14
34801 11
34804 14
34805 4
34827 4
34867 19
34869 13
34871 6
34872 11
34881 10
34913 8
34915 12
34918 6
34920 13
34928 12
34935 12
34937 12
34938 14
34945 3
34985 12
34993 8
34995 9
35009 17
35011 8
35015 14
35027 23
35033 9
35041 9
35057 15
35099 12
35122 3
35123 2
35124 13
35132 14
35176 15
35224 2
35226 7
35240 11
35249 14
35320 15
35336 13
35401 12
35403 13
35442 11
35448 13
35449 2
35450 8
35490 10
35494 15
35496 3
35497 17
35499 14
35538 7
35544 3
35545 15
35546 14
35547 12
35590 14
35591 6
35592 2
35699 14
35719 9
35720 21
35721 11
35743 6
35744 7
35767 3
35812 12
35814 12
35815 8
35816 7
35817 3
35843 12
35864 13
35908 5
35909 19
35911 15
35912 12
35966 20
35968 18
35969 12
35970 7
35990 12
36018 7
36112 8
36134 3
36183 19
36221 15
36224 10
36235 14
36236 20
36237 7
36239 8
36296 7
36339 11
36367 14
36369 21
36385 13
36387 14
36409 22
36411 2
36415 16
36417 22
36423 2
36429 11
36435 7
36450 22
36454 3
36455 15
36456 12
36472 12
36509 19
36523 3
36571 13
36572 11
36573 24
36583 9
36585 3
36604 3
36619 3
36631 3
36633 13
36641 9
36652 2
36653 21
36658 2
36659 3
36667 10
36668 7
36684 7
36689 23
36690 12
36701 14
36712 12
36724 6
36727 7
36729 7
36737 2
36747 16
36750 12
36751 16
36752 12
36851 6
36868 15
36870 14
36899 7
36964 11
36966 17
36974 2
37002 7
37004 6
37019 5
37022 13
37032 17
37046 7
37078 19
37080 9
37092 6
37094 7
37096 4
37098 15
37106 26
37107 19
37110 5
37111 19
37113 13
37120 17
37122 3
37129 15
37130 15
37131 3
37134 7
37138 14
37142 8
37156 2
37158 8
37159 20
37160 12
37161 13
37170 16
37175 19
37177 2
37178 6
37187 18
37208 3
37228 13
37230 12
37276 10
37277 6
37278 9
37315 15
37316 17
37317 10
37328 14
37346 7
37347 14
37355 15
37360 26
37362 16
37365 14
37371 11
37372 8
37373 20
37391 2
37406 7
37415 12
37428 2
37435 11
37439 22
37474 15
37476 3
37523 12
37570 6
37571 12
37597 2
37599 12
37632 7
37634 13
37635 11
37638 14
37646 13
37672 13
37674 3
37690 10
37692 16
37694 2
37699 10
37701 12
37742 7
37766 11
37799 5
37847 16
37848 13
37871 13
38129 11
38134 14
38140 15
38141 10
38142 2
38154 11
38302 14
38308 6
38309 8
38310 5
38319 11
38320 6
38323 13
38325 8
38331 7
38341 3
38342 3
38350 3
38352 16
38357 9
38359 10
38367 12
38368 20
38370 5
38373 11
38375 16
38376 12
38377 8
38378 2
38379 3
38388 12
38459 4
38491 17
38492 9
38493 24
38508 16
38540 11
38554 15
38572 11
38574 12
38577 3
38588 7
38609 8
38620 6
38622 4
38623 3
38624 14
38625 17
38640 22
38657 10
38743 10
38744 11
38747 11
38774 5
38786 11
38792 12
38795 5
38822 23
38850 12
38852 2
38855 11
38866 13
38896 13
38897 21
38898 8
38903 12
38946 11
38963 24
38969 34
38971 15
38981 12
38985 21
38997 14
39014 14
39046 14
39080 8
39081 12
39095 8
39113 5
39128 8
39142 16
39143 13
39190 3
39191 9
39192 14
39235 4
39236 2
39272 6
39282 22
39284 13
39318 2
39320 12
39333 12
39338 4
39346 3
39362 7
39364 17
39366 2
39381 12
39382 15
39383 24
39384 2
39416 10
39429 26
39431 5
39477 12
39478 7
39479 11
39480 21
39512 14
39524 10
39526 18
39527 9
39591 3
39619 11
39620 6
39621 13
39685 6
39686 8
39687 8
39715 10
39717 10
39735 4
39746 9
39747 2
39758 14
39779 24
39791 12
39792 16
39793 8
39795 6
39797 11
39799 3
39800 11
39801 16
39808 20
39809 11
39810 16
39826 17
39827 10
39828 14
39836 11
39845 16
39856 10
39857 15
39858 11
39884 4
39888 14
39893 21
39953 9
40009 16
40011 25
40018 14
40020 13
40027 3
40028 4
40029 13
40045 8
40047 16
40050 3
40056 2
40057 13
40058 17
40070 12
40085 8
40108 11
40110 11
40205 12
40206 7
40215 3
40224 11
40280 23
40318 15
40320 5
40325 3
40366 8
40388 8
40396 18
40397 17
40417 3
40419 3
40441 10
40444 9
40491 14
40494 11
40587 12
40633 8
40685 19
40690 3
40691 14
40692 2
40695 5
40730 21
40733 22
40754 13
40766 15
40778 6
40779 8
40786 14
40788 21
40796 15
40822 31
40823 16
40824 13
40831 5
40833 11
40837 15
40838 12
40840 13
40842 11
40859 8
40872 3
40906 13
40908 12
40935 2
40936 10
40961 13
40963 13
40975 6
41017 21
41018 11
41019 7
41030 11
41035 8
41036 3
41037 5
41057 6
41058 11
41062 16
41063 11
41064 13
41066 2
41067 13
41075 13
41095 13
41097 9
41104 7
41106 13
41110 10
41111 10
41112 2
41126 8
41128 12
41129 30
41134 14
41147 15
41177 10
41180 2
41181 12
41207 3
41225 2
41228 12
41242 11
41244 2
41254 9
41256 10
41263 11
41269 11
41270 11
41271 19
41283 12
41305 5
41307 3
41326 3
41328 13
41404 5
41405 6
41406 6
41411 22
41422 15
41449 5
41451 6
41453 13
41458 12
41459 13
41460 3
41470 9
41499 12
41546 3
41573 9
41677 12
41678 3
41679 11
41681 7
41689 15
41690 8
41691 3
41692 14
41743 15
41774 2
41789 3
41794 3
41795 14
41796 8
41801 12
41814 15
41836 9
41837 23
41849 24
41851 9
41852 17
41948 2
41949 5
41967 18
41974 10
41975 21
41993 22
42006 6
42039 6
42041 13
42079 5
42081 4
42086 23
42089 4
42101 3
42102 7
42109 11
42119 2
42129 15
42148 6
42150 13
42171 7
42172 6
42174 3
42188 10
42261 2
42265 6
42266 14
42267 2
42361 2
42362 9
42363 10
42372 3
42377 12
42378 13
42424 5
42426 3
42584 11
42585 12
42608 9
42616 20
42617 2
42635 13
42637 15
42638 3
42649 14
42655 8
42656 27
42657 9
42695 18
42698 10
42699 2
42704 12
42755 23
42761 3
42763 12
42765 7
42774 11
42781 11
42808 12
42809 12
42810 3
42812 19
42820 4
42829 18
42839 14
42846 3
42877 12
42901 14
42905 14
42907 14
42909 13
42916 11
42918 8
42919 13
42925 25
42935 11
42942 13
42951 9
42991 9
43015 2
43016 12
43017 3
43022 10
43023 17
43024 5
43026 2
43070 8
43071 24
43074 3
43118 3
43119 12
43132 11
43165 6
43228 14
43229 13
43295 3
43296 2
43340 3
43342 6
43343 22
43344 10
43390 11
43391 3
43436 7
43438 11
43439 14
43440 8
43591 12
43593 10
43612 15
43613 4
43636 3
43637 7
43638 6
43661 20
43706 16
43708 4
43709 4
43710 8
43735 8
43756 3
43801 18
43803 7
43805 11
43858 12
43861 2
43882 2
43884 13
43910 5
43911 2
44006 14
44026 8
44071 10
44075 7
44113 12
44114 4
44128 12
44129 15
44130 15
44133 3
44135 3
44161 4
44188 11
44260 10
44261 13
44262 10
44279 3
44300 4
44303 6
44305 11
44309 19
44327 7
44337 12
44347 7
44348 23
44349 10
44350 7
44352 2
44366 13
44369 5
44370 11
44401 19
44416 12
44417 21
44418 11
44464 17
44465 2
44466 12
44477 12
44513 3
44525 3
44533 3
44534 4
44535 3
44545 15
44546 5
44547 16
44551 14
44553 9
44561 6
44562 12
44572 9
44574 3
44581 10
44583 3
44593 16
44595 3
44621 13
44629 7
44631 15
44644 6
44645 12
44646 2
44684 9
44743 9
44762 10
44770 2
44771 11
44772 21
44781 2
44793 17
44820 25
44848 11
44850 6
44858 10
44866 3
44868 14
44875 7
44877 24
44896 12
44898 11
44911 2
44913 16
44914 18
44916 3
44938 5
44940 8
44950 2
44952 12
44972 13
44986 9
44988 17
44990 3
44998 3
45005 7
45006 15
45022 3
45023 2
45024 3
45031 4
45032 10
45033 3
45034 14
45049 2
45050 4
45051 14
45052 7
45054 2
45067 14
45069 11
45070 8
45071 11
45080 10
45097 12
45098 3
45099 2
45100 6
45101 7
45102 13
45122 18
45170 3
45171 3
45208 3
45210 11
45220 14
45238 2
45239 8
45247 13
45254 3
45265 21
45266 23
45281 11
45282 9
45284 13
45285 12
45298 4
45328 5
45329 5
45330 12
45331 16
45333 22
45368 10
45369 10
45415 10
45463 19
45464 21
45465 15
45491 15
45492 7
45526 13
45529 15
45538 10
45540 7
45556 11
45557 5
45566 2
45584 6
45586 4
45592 2
45593 20
45634 8
45658 3
45660 7
45691 28
45693 14
45708 2
45739 2
45741 13
45763 20
45764 7
45881 5
45976 13
45978 11
46022 15
46034 23
46035 10
46187 9
46201 13
46202 8
46214 3
46217 13
46234 9
46236 3
46244 9
46245 3
46250 8
46251 2
46253 6
46254 16
46259 11
46262 12
46266 2
46267 8
46268 12
46270 3
46271 3
46280 7
46284 10
46351 2
46353 2
46355 8
46384 6
46385 16
46386 13
46400 5
46401 14
46432 28
46448 12
46457 3
46465 2
46467 4
46468 6
46469 3
46470 7
46480 10
46482 5
46501 11
46502 5
46514 26
46516 4
46517 10
46518 3
46549 12
46550 3
46551 4
46618 12
46620 12
46636 14
46637 11
46638 2
46639 3
46668 14
46680 3
46714 23
46744 6
46747 5
46749 2
46760 18
46789 11
46790 9
46795 16
46808 12
46834 2
46836 4
46855 15
46857 3
46861 17
46873 11
46883 21
46884 5
46906 13
46972 2
46974 2
46987 21
46988 8
46989 5
47020 2
47022 7
47035 15
47036 19
47037 13
47084 6
47085 6
47128 10
47130 2
47166 9
47178 14
47210 20
47212 8
47214 3
47226 8
47240 6
47254 7
47256 3
47272 14
47274 3
47275 18
47276 6
47322 9
47323 6
47325 13
47371 9
47372 16
47373 13
47404 5
47416 10
47417 6
47418 8
47419 8
47420 6
47483 14
47512 3
47514 2
47579 3
47580 3
47609 23
47638 11
47640 6
47650 9
47652 2
47671 7
47673 3
47683 11
47684 25
47685 8
47689 13
47690 6
47692 15
47694 2
47702 3
47703 3
47719 11
47720 6
47737 14
47739 9
47749 15
47751 10
47778 12
47780 8
47785 7
47845 9
47847 15
47891 4
47903 11
47904 11
47912 5
47920 11
47921 12
47922 5
47939 3
47940 10
47948 9
47949 15
47950 6
47951 15
47952 11
47962 3
47964 14
47978 12
47979 2
47990 3
47995 6
47997 11
48002 3
48097 2
48098 12
48106 6
48108 8
48116 15
48172 15
48174 4
48200 8
48213 3
48217 12
48219 18
48247 6
48249 17
48289 13
48290 12
48291 3
48312 8
48335 4
48338 10
48339 2
48382 3
48383 13
48384 13
48479 15
48577 11
48579 3
48583 12
48584 12
48585 14
48605 19
48622 20
48624 9
48625 17
48626 6
48627 8
48646 13
48648 23
48658 14
48670 12
48675 17
48679 8
48680 3
48681 12
48688 12
48703 12
48705 2
48716 14
48717 2
48730 15
48731 13
48732 5
48734 14
48735 5
48742 14
48743 12
48744 2
48751 7
48753 12
48799 4
48800 11
48801 31
48827 8
48830 13
48851 2
48853 7
48855 8
48857 2
48858 2
48868 7
48869 4
48870 12
48910 2
48911 3
48912 3
48923 3
48928 3
48929 3
48930 23
48940 14
48942 4
48949 14
48951 3
48955 11
48956 12
48957 4
48958 13
48959 18
48960 11
48967 8
48968 2
48969 3
48989 15
49002 2
49003 16
49004 3
49005 11
49016 5
49021 11
49023 9
49039 11
49041 22
49053 2
49069 13
49070 2
49071 2
49072 3
49073 3
49074 2
49099 3
49101 13
49117 14
49119 9
49120 2
49162 11
49163 5
49198 11
49199 3
49219 13
49220 9
49221 10
49297 3
49303 11
49343 9
49351 10
49353 20
49391 3
49438 15
49440 3
49466 10
49570 3
49571 3
49572 7
49573 6
49574 11
49582 10
49583 3
49584 2
49586 14
49620 2
49637 10
49639 12
49641 7
49666 15
49668 16
49681 26
49682 3
49687 5
49688 14
49689 3
49696 8
49705 4
49706 12
49707 11
49741 2
49744 12
49745 3
49840 14
49842 2
49858 12
49859 3
49867 14
49869 15
49885 14
49887 13
49898 24
49925 8
49926 11
49931 3
49933 19
49935 10
49978 17
49980 15
49993 6
49994 16
49995 14
50011 2
50013 4
50021 8
50042 12
50048 10
50055 8
50063 10
50066 11
50080 10
50153 15
50158 13
50209 8
50264 12
50270 9
50282 24
50367 3
50491 11
50493 11
50527 6
50530 3
50541 11
50549 14
50550 8
50563 3
50565 7
50587 14
50588 3
50589 12
50596 2
50598 6
50612 8
50613 2
50640 12
50644 22
50647 3
50649 8
50653 2
50655 2
50657 3
50666 3
50675 3
50683 10
50684 11
50685 26
50701 2
50702 7
50704 2
50705 2
50706 9
50731 15
50738 7
50779 23
50781 7
50797 23
50798 8
50799 2
50801 2
50810 14
50827 3
50829 6
50834 7
50908 10
50909 7
50910 15
50914 6
50915 3
50916 3
50963 12
50964 2
50966 12
51010 2
51011 9
51012 3
51121 6
51187 14
51188 21
51189 2
51232 19
51236 2
51237 7
51283 2
51322 2
51324 15
51331 9
51424 21
51425 2
51506 13
51529 10
51530 20
51531 12
51598 13
51600 18
51601 5
51603 3
51630 9
51648 15
51690 3
51695 2
51697 14
51699 12
51754 8
51756 21
51802 4
51803 7
51804 4
51850 11
51852 20
51898 8
51919 2
51920 28
51921 13
51965 12
51967 12
51988 5
52006 13
52007 3
52008 22
52022 4
52025 12
52027 13
52029 3
52055 6
52153 6
52154 12
52155 24
52171 6
52194 3
52196 11
52197 8
52199 20
52203 2
52219 17
52229 14
52234 12
52236 13
52237 13
52238 17
52239 2
52241 13
52242 4
52245 11
52258 2
52259 10
52261 2
52262 3
52263 5
52294 9
52309 4
52310 10
52405 11
52417 12
52418 12
52419 11
52426 3
52427 16
52428 10
52438 12
52439 2
52444 3
52445 7
52446 10
52466 15
52470 6
52474 4
52475 15
52487 6
52500 14
52513 13
52515 12
52523 12
52538 8
52539 15
52576 10
52645 15
52647 3
52654 12
52656 12
52664 12
52673 7
52685 12
52702 22
52704 9
52712 13
52742 10
52752 16
52760 7
52768 10
52769 11
52790 13
52798 21
52799 13
52800 2
52805 5
52808 12
52832 12
52844 6
52864 13
52866 6
52867 2
52869 13
52876 7
52877 2
52878 2
52882 29
52883 2
52884 12
52896 3
52897 21
52898 10
52899 3
52920 2
52924 3
52925 7
52942 23
52943 6
52944 3
52946 10
52955 7
52956 13
52968 8
52990 2
52991 17
52993 3
52995 3
53014 2
53015 8
53062 2
53063 3
53102 13
53131 2
53132 13
53133 18
53140 2
53146 5
53148 2
53151 10
53158 13
53159 2
53160 3
53167 10
53174 3
53177 13
53212 12
53214 2
53222 11
53225 10
53260 3
53261 15
53262 15
53356 17
53357 2
53383 2
53384 15
53385 26
53420 3
53450 7
53476 2
53477 11
53478 3
53485 15
53486 3
53552 8
53585 12
53600 9
53601 15
53632 4
53633 23
53869 8
53870 2
53891 18
53896 11
53897 2
53898 11
53914 7
53926 6
53928 2
54094 17
54096 13
54111 7
54114 3
54117 11
54128 22
54129 4
54136 11
54137 2
54138 21
54142 13
54143 13
54145 12
54146 16
54147 22
54151 13
54153 10
54154 23
54155 13
54156 7
54158 3
54161 11
54162 3
54163 13
54164 2
54165 13
54174 10
54245 13
54247 2
54249 4
54277 35
54278 7
54279 6
54292 14
54341 16
54342 13
54349 10
54351 7
54359 4
54361 2
54362 9
54363 7
54374 14
54394 14
54396 20
54399 22
54406 21
54408 16
54409 22
54410 9
54442 3
54443 13
54444 10
54529 16
54530 10
54531 10
54572 13
54634 16
54636 15
54641 20
54652 10
54682 3
54683 8
54684 13
54700 3
54702 16
54728 15
54729 2
54749 19
54757 12
54775 23
54777 2
54800 3
54806 8
54832 7
54834 2
54854 13
54865 3
54866 4
54867 6
54880 20
54881 15
54882 9
54914 3
54928 8
54929 24
54930 11
54976 10
54977 3
54978 12
55066 10
55068 11
55069 9
55070 6
55071 18
55077 8
55102 15
55104 22
55105 6
55118 8
55119 2
55134 6
55148 8
55165 3
55166 4
55167 4
55168 14
55169 3
55170 20
55214 9
55215 7
55218 2
55263 14
55264 7
55266 9
55309 18
55310 11
55311 3
55312 12
55313 2
55314 15
55375 14
55376 18
55377 11
55406 11
55407 12
55471 7
55472 2
55532 7
55533 11
55565 13
55576 4
55577 3
55578 8
55582 8
55583 9
55584 3
55585 7
55586 7
55594 3
55595 13
55596 12
55614 12
55622 8
55642 3
55643 6
55644 23
55670 9
55680 11
55739 12
55795 7
55797 11
55804 14
55806 4
55809 20
55813 2
55815 6
55831 4
55832 20
55833 8
55834 6
55836 14
55840 13
55841 3
55845 13
55856 12
55870 13
55871 3
55872 3
55879 4
55882 3
55883 7
55884 18
55888 17
55889 14
55890 9
55894 3
55896 8
55990 8
55991 3
55992 3
55999 3
56000 16
56008 2
56065 14
56066 2
56067 14
56104 6
56111 3
56112 2
56141 7
56160 11
56173 8
56175 8
56203 12
56204 7
56205 2
56230 2
56231 13
56232 2
56275 12
56276 2
56371 7
56372 7
56373 6
56465 17
56476 15
56477 5
56478 2
56497 2
56499 13
56516 2
56517 12
56518 11
56519 19
56540 12
56572 6
56573 4
56574 4
56597 11
56609 5
56610 12
56617 2
56618 3
56619 3
56623 3
56624 9
56626 12
56627 5
56628 14
56636 11
56637 11
56645 3
56657 23
56658 2
56674 4
56676 24
56693 20
56694 8
56719 9
56721 13
56722 7
56743 15
56745 7
56747 17
56749 14
56750 9
56751 3
56803 11
56815 4
56816 4
56821 8
56823 22
56833 13
56835 22
56836 11
56837 6
56843 8
56844 4
56848 12
56850 15
56851 2
56852 24
56853 5
56860 15
56861 12
56862 3
56881 12
56894 14
56895 13
56896 15
56897 11
56908 15
56916 5
56933 5
56944 2
56945 16
56946 18
56962 4
56963 10
56964 8
56965 2
56966 3
56993 7
56994 12
57011 13
57012 13
57055 15
57056 20
57057 10
57091 13
57092 3
57093 14
57112 14
57113 12
57114 2
57191 3
57192 3
57235 2
57246 11
57283 9
57284 7
57331 13
57332 13
57333 19
57358 16
57359 14
57360 11
57463 11
57465 23
57466 15
57467 3
57468 12
57475 13
57476 3
57477 10
57478 15
57513 12
57529 3
57539 5
57550 8
57551 3
57560 2
57561 15
57574 2
57580 6
57581 12
57582 12
57588 14
57591 13
57598 9
57599 11
57627 10
57637 11
57730 8
57732 7
57733 2
57734 17
57735 13
57752 21
57753 16
57760 2
57761 3
57762 4
57780 12
57790 10
57791 3
57792 11
57817 11
57818 2
57819 4
57823 8
57824 3
57825 11
57827 25
57828 11
57838 6
57839 8
57840 2
57873 16
57888 2
57904 4
57905 16
57906 22
57940 6
57941 8
57947 11
57958 2
57959 14
57960 11
58045 13
58052 4
58053 11
58099 10
58104 21
58149 14
58156 2
58174 2
58210 3
58211 21
58212 13
58258 15
58260 13
58422 12
58441 8
58458 14
58481 5
58482 2
58490 11
58491 16
58504 15
58505 11
58506 12
58533 12
58539 12
58542 12
58546 12
58547 3
58548 13
58549 10
58550 3
58551 8
58558 2
58559 10
58560 8
58567 16
58568 20
58569 16
58576 13
58577 7
58594 2
58597 16
58598 2
58613 7
58616 11
58625 2
58626 12
58642 13
58643 9
58644 11
58664 14
58665 7
58673 3
58674 2
58692 9
58693 3
58694 2
58703 3
58711 15
58713 2
58721 21
58726 3
58727 2
58776 13
58803 2
58807 2
58808 10
58855 8
58856 3
58904 6
58905 3
59081 3
59082 9
59119 2
59120 22
59121 10
59127 4
59128 5
59129 2
59169 12
59189 12
59215 6
59216 3
59226 8
59317 2
59318 5
59319 3
59398 5
59399 8
59422 6
59492 16
59493 6
59521 10
59522 9
59523 12
59534 12
59539 12
59540 3
59541 12
59542 14
59544 14
59582 9
59583 12
59587 3
59588 13
59589 12
59592 4
59668 5
59695 11
59696 3
59812 3
59814 11
59839 2
59840 16
59857 2
59858 11
59860 8
59861 10
59883 15
59899 3
59901 2
59947 3
59948 3
60046 8
60048 17
60064 13
60066 14
60086 13
60087 3
60088 10
60089 18
60090 9
60091 14
60092 13
60096 12
60107 8
60108 15
60121 12
60122 13
60127 24
60128 2
60129 17
60130 3
60131 22
60132 16
60133 13
60134 15
60135 18
60136 5
60150 11
60151 3
60152 2
60153 18
60154 3
60155 3
60156 14
60291 11
60310 13
60311 4
60319 2
60337 13
60338 11
60339 10
60346 2
60358 12
60359 11
60360 14
60361 2
60363 13
60367 6
60368 22
60369 2
60380 3
60381 13
60407 8
60416 4
60425 4
60426 2
60430 14
60431 2
60432 7
60540 12
60549 9
60556 16
60557 8
60565 17
60566 3
60596 11
60597 11
60604 15
60605 4
60634 12
60635 13
60644 15
60653 14
60654 10
60661 13
60662 15
60691 2
60693 18
60697 21
60698 11
60700 6
60701 14
60702 13
60711 11
60717 13
60736 4
60738 11
60759 6
60760 8
60761 19
60762 3
60769 2
60770 3
60771 6
60775 12
60776 2
60777 9
60786 12
60788 13
60789 7
60790 3
60791 11
60792 5
60800 3
60801 2
60813 3
60817 11
60837 8
60838 12
60839 5
60847 3
60849 12
60859 9
60860 3
60861 2
60883 15
60907 4
60908 12
60909 15
60956 2
60994 16
61005 6
61012 2
61014 13
61022 13
61025 7
61026 21
61033 7
61034 7
61035 11
61039 6
61040 11
61041 11
61043 2
61044 14
61049 2
61052 9
61061 2
61062 11
61066 23
61067 7
61069 13
61070 2
61071 7
61107 12
61114 3
61115 12
61153 2
61154 3
61276 18
61277 18
61278 3
61282 2
61283 6
61284 11
61312 14
61314 13
61324 3
61326 22
61342 3
61344 9
61378 4
61444 16
61445 12
61477 17
61478 2
61492 22
61527 11
61545 8
61686 10
61762 2
61764 5
61789 5
61805 11
61819 6
61820 7
61821 13
61822 2
61823 6
61824 14
61831 11
61832 8
61982 16
61987 3
61988 2
61989 15
61992 7
61998 10
62002 3
62003 13
62006 7
62008 20
62010 3
62020 13
62021 7
62022 7
62029 29
62030 4
62031 3
62038 19
62039 3
62040 9
62044 13
62045 2
62046 17
62047 2
62048 13
62049 9
62050 20
62052 9
62053 11
62054 31
62055 16
62057 3
62058 11
62065 6
62066 7
62067 16
62141 12
62170 5
62172 10
62185 6
62186 6
62187 3
62233 9
62234 13
62235 12
62242 11
62243 6
62244 14
62251 10
62252 14
62253 9
62254 2
62255 7
62256 12
62266 14
62268 11
62288 5
62291 10
62292 15
62300 14
62301 5
62318 4
62336 13
62416 3
62417 6
62422 3
62423 2
62464 11
62465 8
62527 13
62528 13
62529 13
62533 10
62577 12
62594 8
62621 13
62622 3
62624 17
62641 8
62642 10
62663 11
62664 8
62668 9
62675 10
62676 28
62692 15
62693 9
62726 3
62727 3
62748 11
62758 19
62759 3
62760 2
62773 16
62774 16
62775 6
62869 17
62870 2
62871 13
62959 11
62960 32
62962 14
62963 11
62964 11
62970 8
62978 21
62994 10
62996 10
62997 3
63010 12
63011 3
63012 2
63027 12
63040 21
63041 11
63042 12
63058 20
63059 25
63060 23
63061 15
63062 2
63106 11
63107 10
63154 23
63155 3
63156 2
63159 15
63203 7
63205 5
63206 16
63207 12
63269 8
63270 5
63282 4
63298 6
63299 12
63300 30
63394 8
63396 11
63413 9
63424 19
63425 3
63426 16
63457 3
63459 10
63470 5
63471 3
63472 2
63473 14
63474 14
63475 2
63477 10
63478 11
63487 6
63489 9
63507 25
63535 11
63536 11
63537 9
63562 5
63563 3
63571 5
63572 12
63606 2
63633 21
63688 5
63698 13
63699 17
63701 8
63708 25
63724 10
63733 6
63734 7
63735 16
63749 6
63763 10
63764 7
63765 6
63775 13
63776 6
63783 16
63789 10
63884 4
63885 23
63892 6
63893 15
63894 7
63958 6
63959 9
63960 6
63997 10
63998 14
63999 19
64003 3
64004 12
64005 14
64033 3
64035 11
64096 2
64097 2
64098 18
64123 8
64124 2
64125 8
64168 14
64169 14
64170 3
64264 12
64265 15
64314 15
64357 12
64358 2
64364 5
64369 5
64370 14
64382 15
64384 10
64385 11
64391 14
64393 4
64408 15
64409 3
64410 2
64411 20
64413 15
64432 10
64459 7
64460 12
64465 4
64466 19
64467 7
64480 4
64489 5
64490 9
64501 11
64503 26
64510 3
64511 8
64512 3
64517 7
64518 11
64521 10
64529 12
64549 17
64550 3
64551 15
64568 2
64585 8
64586 4
64587 11
64612 3
64614 14
64637 12
64643 21
64656 4
64686 18
64695 12
64700 11
64702 20
64704 12
64711 15
64716 30
64723 19
64733 27
64749 18
64755 34
64756 14
64757 12
64760 2
64767 12
64772 12
64773 2
64776 5
64780 29
64796 5
64821 9
64825 17
64841 13
64869 8
64877 14
64880 2
64881 34
64885 6
64893 15
64897 22
64899 8
64901 3
64934 9
64977 14
64983 14
64987 14
64988 8
65003 16
65004 12
65019 2
65025 20
65028 10
65034 22
65077 23
65082 12
65097 8
65098 12
65114 20
65135 8
65141 12
65145 6
65146 11
65153 11
65156 2
65162 15
65167 12
65170 14
65172 18
65178 14
65183 20
65188 7
65189 12
65192 13
65194 25
65216 11
65222 12
65226 3
65231 13
65242 3
65247 12
65248 22
65254 12
65266 7
65268 8
65269 3
65274 2
65281 10
65295 29
65297 12
65309 10
65314 9
65321 10
65356 8
65372 20
65383 5
65388 29
65404 42
65422 20
65452 13
65467 6
65468 29
65483 3
65484 3
65499 36
65500 2
65515 36
65531 5
65563 2
65564 25
65595 17
65627 7
65628 12
65643 6
65650 10
65666 14
65716 20
65719 3
65729 26
65735 8
65737 14
65738 3
65742 14
65745 37
65758 14
65761 2
65767 13
65777 13
65780 3
65783 3
65786 8
65794 15
65796 6
65799 13
65802 3
65809 34
65817 4
65818 12
65822 12
65826 3
65834 16
65837 10
65842 23
65846 8
65849 21
65853 11
65858 16
65865 10
65869 23
65885 7
65918 24
65921 10
65946 10
65956 24
65977 10
65984 8
65993 25
66006 7
66022 6
66029 7
66030 7
66036 11
66039 13
66045 6
66046 5
66051 10
66052 24
66055 2
66056 14
66061 26
66066 9
66068 22
66072 8
66082 6
66083 12
66084 8
66088 22
66094 2
66110 11
66126 42
66138 12
66139 12
66155 23
66164 6
66180 13
66188 18
66215 11
66221 12
66223 3
66230 12
66232 23
66233 9
66237 17
66239 13
66248 33
66259 12
66264 4
66271 19
66276 20
66280 43
66295 11
66311 16
66327 12
66383 16
66384 11
66386 3
66387 19
66389 44
66390 10
66392 39
66395 6
66399 13
66401 14
66402 36
66405 8
66408 8
66411 17
66487 14
66488 5
66499 15
66510 18
66515 34
66531 20
66541 6
66542 3
66557 22
66573 21
66576 4
66582 12
66589 2
66592 10
66607 5
66632 15
66633 40
66655 7
66670 12
66744 8
66749 10
66760 5
66781 12
66792 24
66798 4
66804 6
66807 5
66810 6
66813 11
66829 14
66830 7
66836 11
66839 2
66840 2
66842 26
66867 6
66877 10
66899 23
66905 8
66909 12
66921 8
66924 4
66926 11
66933 21
66943 9
66946 7
66949 19
66955 32
66996 12
67006 6
67038 37
67070 2
67073 3
67092 10
67108 21
67119 12
67135 29
67167 16
67182 29
67183 11
67185 12
67188 7
67191 3
67198 25
67199 17
67204 38
67210 2
67214 40
67226 3
67230 18
67236 30
67237 31
67239 8
67242 30
67254 12
67257 32
67261 2
67273 7
67279 22
67282 14
67295 15
67298 10
67318 3
67350 6
67366 11
67375 8
67377 15
67381 8
67382 8
67383 11
67393 8
67397 2
67398 20
67399 12
67400 12
67414 6
67461 12
67480 10
67483 6
67499 6
67564 20
67566 11
67572 11
67575 10
67576 34
67577 11
67582 13
67587 2
67588 5
67591 6
67593 10
67595 18
67600 5
67608 13
67616 9
67627 7
67634 27
67635 13
67643 11
67650 20
67651 14
67667 39
67675 11
67683 28
67692 12
67693 19
67695 14
67698 8
67699 7
67704 19
67707 10
67711 3
67714 12
67715 14
67723 2
67731 8
67741 8
67747 11
67757 15
67773 17
67821 26
67837 29
67853 3
67861 9
67881 6
67912 14
67915 23
67917 8
67923 10
67933 3
67935 11
67938 4
67947 16
67980 13
67993 12
67996 9
67999 14
68002 5
68008 16
68011 23
68023 33
68039 6
68050 6
68055 13
68059 30
68071 23
68075 5
68078 7
68080 7
68081 9
68082 12
68083 6
68091 2
68094 22
68096 10
68097 3
68112 3
68113 4
68115 19
68116 8
68122 6
68131 2
68138 20
68143 22
68154 12
68156 16
68159 2
68163 8
68164 15
68170 10
68186 11
68190 6
68191 24
68195 13
68196 21
68199 25
68202 3
68220 16
68223 13
68230 7
68246 5
68255 11
68262 28
68272 5
68275 2
68278 10
68282 10
68291 19
68294 21
68298 9
68300 7
68306 7
68307 6
68310 2
68315 10
68316 4
68319 4
68320 5
68323 9
68325 8
68326 21
68328 12
68331 7
68336 13
68339 13
68348 4
68352 11
68355 11
68396 13
68397 2
68400 13
68412 6
68413 2
68416 11
68419 10
68421 12
68437 11
68448 34
68463 11
68469 3
68470 20
68472 11
68476 12
68482 12
68485 9
68486 19
68498 19
68501 15
68502 2
68508 11
68511 13
68514 15
68517 13
68526 3
68529 8
68534 2
68535 23
68538 7
68543 12
68545 16
68550 19
68551 9
68552 11
68554 4
68566 33
68568 13
68570 12
68572 22
68581 22
68582 24
68583 9
68584 22
68585 12
68589 24
68599 2
68600 8
68605 16
68608 12
68610 8
68612 14
68615 19
68626 13
68628 22
68629 8
68631 29
68632 7
68634 5
68635 13
68639 12
68644 11
68647 11
68648 2
68650 14
68655 15
68657 11
68658 17
68660 5
68663 9
68664 11
68666 8
68671 20
68673 12
68676 9
68680 11
68685 11
68686 12
68687 22
68696 2
68698 7
68703 12
68706 3
68711 6
68712 13
68722 28
68724 14
68729 3
68738 24
68740 24
68741 13
68745 9
68756 20
68757 15
68770 12
72896 19
72903 23
72905 40
72907 3
72908 6
72909 5
72910 11
72912 34
72913 16
72914 11
72916 2
72918 8
72919 9
72921 21
72923 31
72927 12
72928 51
72932 54
72934 2
72935 28
72936 33
72938 38
72939 11
72940 11
72941 19
72942 43
72943 2
72945 11
72948 11
72953 2
72954 12
72955 11
72957 23
73057 2
73135 3
73137 3
73138 2
73140 3
73195 6
73199 11
73212 11
73230 11
73238 11
73241 13
73242 3
73247 37
73248 13
73249 7
73250 17
73251 7
73252 41
73253 28
73254 10
73255 8
73256 18
73258 4
73260 13
73285 7
73289 10
73292 3
73329 14
73588 2
73804 11
73806 4
74855 2
75610 3
75611 4
75614 6
75618 11
75621 11
75622 14
75624 37
75626 12
75627 2
75628 26
75629 3
75632 12
75633 52
75635 25
75636 6
75637 10
75638 9
75639 5
75640 11
75641 4
75642 7
75651 2
75655 2
75658 10
