SD 5
GRD SUBSTRATE G 0 0 0 n 0 -1 0 0 0 0 0 0 0 -1
GRD D1 D 0 0 1 b 0 -1 0 0 0.14 2.5 0 0 0 0
GRD M1 C 1 1 2 b 0 2.63158 0 0.14 0.25 0 0.065 0.065 0 -1
GRD D2 D 0 0 3 b 0 -1 0 0.14 0.66 2.5 0 0 0 0
GRD M2 C 2 2 4 b 0 4 0 0.66 0.74 0 0.07 0.07 0 -1
GRD D3 D 0 0 5 b 0 -1 0 0.66 1.18 2.5 0 0 0 0
GRD M3 C 3 3 6 b 0 4 0 1.18 1.26 0 0.07 0.07 0 -1
GRD D4 D 0 0 7 b 0 -1 0 1.18 1.7 2.5 0 0 0 0
GRD M4 C 4 4 8 b 0 4.7619 0 1.7 1.78 0 0.14 0.14 0 -1
GRD D5 D 0 0 9 b 0 -1 0 1.7 2.22 2.5 0 0 0 0
GRD M5 C 5 5 10 b 0 4.7619 0 2.22 2.3 0 0.14 0.14 0 -1
GRD D6 D 0 0 11 b 0 -1 0 2.22 2.74 2.5 0 0 0 0
GRD M6 C 6 6 12 b 0 4.7619 0 2.74 2.82 0 0.14 0.14 0 -1
GRD D7 D 0 0 13 b 0 -1 0 2.74 3.26 2.5 0 0 0 0
GRD M7 C 7 7 14 b 0 13.3333 0 3.26 3.34 0 0.4 0.4 0 -1
GRD D8 D 0 0 15 b 0 -1 0 3.26 3.78 2.5 0 0 0 0
GRD M8 C 8 8 16 b 0 13.3333 0 3.78 3.86 0 0.4 0.4 0 -1
GRD D9 D 0 0 17 b 0 -1 0 3.78 4.3 2.5 0 0 0 0
GRD M9 C 9 9 18 b 0 33.3333 0 4.3 4.5 0 0.8 0.8 0 -1
GRD D10 D 0 0 19 b 0 -1 0 4.3 4.82 2.5 0 0 0 0
GRD M10 C 10 10 20 b 0 33.3333 0 4.82 5.02 0 0.8 0.8 0 -1
GRD VIA1 V 1 1 0 b 0 39.6825 0 0.25 0.66 0 0 0 0 0
GRD VIA2 V 2 2 0 b 0 40.8163 0 0.74 1.18 0 0 0 0 0
GRD VIA3 V 3 3 0 b 0 40.8163 0 1.26 1.7 0 0 0 0 0
GRD VIA4 V 4 4 0 b 0 16.6667 0 1.78 2.22 0 0 0 0 0
GRD VIA5 V 5 5 0 b 0 16.6667 0 2.3 2.74 0 0 0 0 0
GRD VIA6 V 6 6 0 b 0 16.6667 0 2.82 3.26 0 0 0 0 0
GRD VIA7 V 7 7 0 b 0 6.25 0 3.34 3.78 0 0 0 0 0
GRD VIA8 V 8 8 0 b 0 6.25 0 3.86 4.3 0 0 0 0 0
GRD VIA9 V 9 9 0 b 0 3.125 0 4.5 4.82 0 0 0 0 0

DB metal1 C 1 1 1 0.38 0 0 0 0 F 0 0 0 M1
DB metal2 C 2 2 2 0.25 0 0 0 0 F 0 0 0 M2
DB metal3 C 3 3 3 0.25 0 0 0 0 F 0 0 0 M3
DB metal4 C 4 4 4 0.21 0 0 0 0 F 0 0 0 M4
DB metal5 C 5 5 5 0.21 0 0 0 0 F 0 0 0 M5
DB metal6 C 6 6 6 0.21 0 0 0 0 F 0 0 0 M6
DB metal7 C 7 7 7 0.075 0 0 0 0 F 0 0 0 M7
DB metal8 C 8 8 8 0.075 0 0 0 0 F 0 0 0 M8
DB metal9 C 9 9 9 0.03 0 0 0 0 F 0 0 0 M9
DB metal10 C 10 10 10 0.03 0 0 0 0 F 0 0 0 M10
DB via1 V 11 2 1 0.0252 0 0 0 0 F 0 0 0 VIA1
DB via2 V 12 3 2 0.0245 0 0 0 0 F 0 0 0 VIA2
DB via3 V 13 4 3 0.0245 0 0 0 0 F 0 0 0 VIA3
DB via4 V 14 5 4 0.06 0 0 0 0 F 0 0 0 VIA4
DB via5 V 15 6 5 0.06 0 0 0 0 F 0 0 0 VIA5
DB via6 V 16 7 6 0.06 0 0 0 0 F 0 0 0 VIA6
DB via7 V 17 8 7 0.16 0 0 0 0 F 0 0 0 VIA7
DB via8 V 18 9 8 0.16 0 0 0 0 F 0 0 0 VIA8
DB via9 V 19 10 9 0.32 0 0 0 0 F 0 0 0 VIA9


