10 8
18 11
27 13
225 11
226 12
233 3
239 3
241 10
251 14
252 17
253 9
255 10
257 19
258 11
259 25
292 10
306 13
309 11
310 12
328 11
330 11
334 2
335 3
337 23
339 20
340 13
351 11
361 11
378 11
400 9
406 13
408 12
504 19
524 42
657 12
887 2
1292 19
1293 10
1298 6
1300 13
1567 14
2837 2
2839 39
2843 13
2851 13
3093 2
3097 16
3105 24
3356 2
4607 44
4614 2
4615 14
5099 4
5102 36
5103 7
5104 11
5133 14
5135 14
5187 35
5251 6
5252 23
5286 5
5807 17
5809 2
5820 15
5834 24
5841 14
5908 12
5925 2
5958 13
5980 6
5985 6
5988 7
6086 16
6096 14
6113 8
6124 6
6149 15
6150 7
6264 11
6317 12
6325 13
6342 16
6376 17
6390 3
6440 6
6474 13
6491 2
13628 13
13730 5
13766 14
13781 3
13832 8
13917 10
13981 4
14010 11
14016 11
14022 11
14030 13
14117 11
14325 6
14327 14
14329 14
14359 19
14369 10
21091 6
30806 9
30815 12
30841 25
30932 21
31043 16
31074 7
31085 16
31090 10
31135 4
31188 23
31201 8
31222 14
31259 11
31413 11
31440 8
31488 2
31504 16
34052 9
34074 12
34081 14
34144 13
34145 9
34146 6
34149 22
34207 9
34217 6
34225 14
34227 6
34324 2
34372 10
34374 7
34420 12
34468 11
34705 13
34707 18
34744 10
34746 12
34779 14
34801 11
34867 19
34869 13
34871 5
34928 12
34935 12
34945 3
34993 8
34995 9
35011 8
35015 14
35033 9
35041 9
35122 3
35123 2
35124 13
35132 14
35176 15
35224 2
35401 12
35403 13
35442 11
35448 13
35450 8
35490 10
35497 17
35499 14
35719 9
35720 21
35721 11
35812 12
35814 12
35816 7
35817 3
35864 13
35908 5
35909 19
35911 15
35970 2
35990 12
36134 3
36183 19
41949 5
41975 21
42006 6
42039 6
42101 3
42102 7
42109 11
42172 6
42174 3
42261 2
42266 14
42362 9
42372 3
42424 5
42426 3
42635 13
42638 3
42655 8
42657 9
42695 18
42704 12
42755 23
42761 3
42763 12
42765 7
42774 11
42781 11
42808 12
42810 3
42839 14
42905 14
42907 14
42909 13
42925 25
42935 11
42942 13
43016 12
43022 10
43023 7
43070 8
43071 24
43118 3
43119 12
43229 13
43295 3
43296 2
43342 6
43343 22
43344 10
43612 15
43613 4
43706 16
43756 3
43801 18
43803 8
43882 2
43884 13
43911 2
44026 8
44075 7
49840 14
49858 12
49867 14
49869 15
49898 24
49925 8
49926 11
49931 3
50055 3
50066 11
50153 15
50158 13
50264 12
50282 24
50491 11
50493 11
50527 6
50541 11
50549 14
50563 3
50565 7
50587 14
50588 3
50589 12
50613 2
50640 12
50644 22
50647 3
50649 8
50653 2
50666 3
50683 10
50684 11
50685 26
50705 2
50731 15
50779 23
50781 7
50797 23
50798 8
50799 2
50810 14
50827 3
50834 7
50908 10
50915 3
50916 3
50963 12
51011 9
51121 6
51187 14
51188 21
51232 19
51236 2
51322 2
51324 15
51425 2
51598 13
51600 18
51648 15
51690 3
51697 14
51699 12
51802 5
51803 7
51804 4
51919 2
51920 6
51921 8
51967 12
57730 8
57732 7
57733 2
57752 21
57753 16
57762 4
57790 10
57791 3
57792 11
57817 11
57818 2
57819 4
57823 8
57824 3
57825 11
57827 23
57828 11
57904 4
57906 22
57947 11
57958 2
57959 14
57960 11
58045 13
58052 4
58104 20
58156 2
58174 2
58258 15
58260 13
58422 12
58441 8
58458 14
58506 12
58533 12
58542 12
58546 12
58547 3
58576 13
58577 7
58597 16
58613 7
58626 12
58642 13
58643 9
58644 11
58673 3
58674 2
58692 9
58721 21
58776 13
59119 2
59120 22
59121 10
59127 4
59169 12
59189 12
59215 6
59216 3
59398 3
59399 8
59492 16
59521 10
59522 2
59534 12
59539 12
59540 3
59541 12
59544 14
59582 9
59583 12
59589 12
59668 5
59695 11
59696 3
59814 11
59860 8
59861 10
64977 14
64983 14
65003 16
65004 12
65025 20
65028 10
65034 15
65082 12
65098 12
65114 20
65145 6
65189 12
65295 29
65321 10
65388 29
65404 42
65422 20
65467 6
65468 30
65483 3
65499 36
65500 2
65515 36
65531 5
65563 2
65564 25
65579 2
65595 17
65627 7
65628 12
65643 6
72903 11
72913 11
72935 28
72936 25
72945 11
72948 11
72955 11
72957 23
73135 3
73137 3
73199 11
73212 11
73247 37
73251 6
73252 41
73253 28
73588 2
75624 12
75641 4
75651 2
75655 2
