7 2
12 10
26 10
34 2
221 13
237 7
242 7
243 14
249 2
254 5
260 9
263 16
264 5
265 23
266 19
267 2
269 12
284 2
285 6
318 24
321 35
322 10
331 6
332 3
333 18
338 7
341 7
342 5
346 13
347 12
352 14
357 8
358 8
366 6
368 2
369 5
379 8
383 7
385 20
401 7
402 6
405 3
414 2
538 19
616 13
655 2
662 22
663 11
884 10
887 2
920 11
1023 23
1030 3
1076 9
1323 7
1324 12
1378 37
1383 18
1581 2
1618 10
1620 12
1786 5
1831 5
1832 12
1843 17
1844 12
1845 5
1846 3
1848 8
2068 5
2076 13
2077 10
2081 18
2088 9
2312 9
2360 2
2547 12
2807 17
2808 12
2836 8
2838 15
2850 4
3090 2
3346 13
3600 7
3604 17
3895 15
3899 2
3951 2
4001 3
4069 12
4070 13
4071 20
4128 3
4131 4
4132 10
4134 6
4147 4
4148 12
4361 2
4363 10
4606 6
4620 13
4621 5
4628 27
4629 9
4654 3
4657 14
4831 13
4833 12
4834 16
4890 7
5085 14
5086 11
5087 33
5088 10
5173 11
5176 11
5178 10
5195 13
5215 13
5219 35
5227 2
5234 9
5240 4
5241 12
5278 10
5295 13
5302 12
5306 2
5314 4
5326 22
5375 7
5393 3
5394 8
5549 6
5551 12
5701 4
5791 10
5808 14
5809 8
5831 8
5877 6
5891 10
5894 2
6066 11
6069 9
6092 10
6100 11
6103 6
6106 10
6117 6
6118 6
6120 21
6123 17
6126 8
6129 17
6134 21
6137 2
6143 17
6146 15
6147 14
6162 11
6179 2
6219 3
6235 12
6252 10
6255 3
6269 11
6288 10
6303 8
6306 2
6308 14
6340 9
6355 2
6357 10
6372 11
6373 17
6390 4
6397 22
6406 2
6407 10
6408 9
6423 15
6459 7
6575 13
6579 25
6587 12
6589 7
6591 10
6594 11
6684 8
6694 2
6695 15
9437 5
9460 5
9463 11
9480 12
9483 13
9500 10
9502 18
9505 14
9539 7
9545 4
9624 30
9627 4
9635 15
9638 3
9691 6
9746 69
9760 21
9763 44
9774 15
9777 24
9783 21
9801 21
9908 6
9909 4
9910 3
9918 2
9923 6
9927 30
9928 25
9937 11
9939 2
9941 13
9943 19
9944 7
9947 12
9951 7
10411 9
10432 11
10683 3
10686 6
10711 14
13482 14
13487 25
13500 13
13593 11
13602 2
13603 7
13679 2
13704 7
13798 2
13834 3
13866 15
13881 14
13895 11
13936 15
13944 11
13953 10
13964 12
14044 20
14064 3
14078 8
14086 2
14143 8
14146 7
14169 23
14179 13
14251 11
14256 2
14273 8
14315 20
14318 3
14346 18
14363 2
14372 13
14489 8
14514 10
14529 11
14531 4
14565 11
14608 3
14611 17
14633 13
25309 8
25313 21
25337 10
25406 12
25409 3
26348 10
26449 10
26493 19
26604 5
26605 3
26606 2
26631 2
26807 11
26808 4
26858 13
26861 14
26888 2
26891 3
26958 20
26961 13
26962 22
26987 3
26991 8
27030 11
27103 4
27104 7
27105 21
27138 12
27139 12
27205 6
27206 3
27207 21
27209 10
27210 16
27211 3
27310 20
27317 12
27340 12
27430 12
27431 5
27496 8
27497 6
27504 3
27505 13
27506 4
27531 11
27540 2
27647 2
27676 2
27678 8
27680 13
27681 2
27818 12
27819 5
27823 6
27824 2
28252 3
28253 5
28310 13
28311 14
28312 19
28313 3
28390 12
28394 6
28395 11
28396 11
28858 3
28897 22
28899 4
28901 3
28903 11
29078 11
29149 9
29150 2
29151 4
29322 11
29323 12
29770 24
29953 6
30034 11
30039 2
30132 2
30189 5
30229 12
30231 15
30361 13
30365 14
30366 14
30371 9
30372 12
30374 2
30375 13
30376 14
30497 4
30500 21
30541 2
30546 22
30574 14
30624 5
30732 6
30793 10
30838 28
30847 10
30854 7
30867 7
30892 2
30895 7
30947 12
30973 2
30979 27
31011 14
31021 10
31086 11
31103 10
31131 20
31135 2
31206 8
31217 19
31275 6
31276 7
31291 20
31292 4
31310 8
31316 7
31343 7
31358 11
31366 13
31414 14
31432 7
31488 5
31521 6
31523 10
31531 5
33124 16
33125 10
33126 11
33142 12
33143 12
33144 13
33165 12
33203 11
33212 7
33288 12
33413 12
33511 13
33512 15
33557 11
33605 12
33652 11
33654 3
34083 2
34099 8
34101 6
34122 10
34187 13
34192 9
34195 12
34208 21
34279 2
34373 8
34421 6
34423 13
34424 6
34425 16
34436 2
34469 14
34470 11
34579 13
34581 3
34714 21
34723 6
34724 6
34725 17
34745 5
34762 11
34764 6
34771 10
34805 4
34827 4
34872 11
34881 10
34915 12
34918 6
34920 13
34937 12
34938 14
34985 12
35057 15
35099 12
35226 7
35240 11
35249 14
35320 15
35336 13
35494 15
35496 3
35538 7
35544 3
35545 15
35546 14
35547 12
35590 14
35591 6
35592 2
35699 14
35743 6
35744 7
35767 3
35815 8
35843 12
35912 12
35966 20
35968 18
35969 12
35970 5
36018 7
36112 8
36221 15
36235 14
36237 7
36339 11
36385 13
36423 2
36429 11
36450 22
36455 15
36684 7
36689 23
36690 12
36712 12
36727 7
36729 7
36737 2
36747 16
36751 16
36752 12
41017 21
41018 11
41019 7
41030 11
41035 8
41036 3
41058 11
41066 2
41095 13
41097 9
41126 8
41147 15
41181 12
41269 11
41271 19
41283 12
41305 5
41307 3
41326 3
41404 5
41405 6
41406 6
41449 5
41453 13
41499 12
41546 3
41948 2
41967 18
41974 10
41993 22
42041 13
42053 2
42079 5
42081 4
42086 23
42089 4
42119 2
42129 15
42171 7
42265 6
42267 2
42361 2
42363 10
42377 12
42378 13
42608 9
42616 20
42617 2
42637 15
42656 27
42699 2
42809 7
42812 19
42820 4
42829 18
42846 3
42877 12
42916 11
42918 8
42991 9
43015 2
43017 3
43024 5
43026 2
43074 3
43132 11
43165 6
43228 14
43390 11
43391 4
43436 7
43438 11
43439 14
43440 8
43591 12
43593 10
43636 3
43637 7
43638 6
43661 20
43708 4
43709 4
43710 8
43735 8
43805 4
43858 12
43861 2
43910 5
44006 14
44071 10
44113 12
44114 4
44129 15
44161 4
44279 3
44305 11
44347 7
44350 7
44352 2
44369 5
44370 11
44572 9
44574 3
44581 10
44595 3
44644 6
44645 12
48910 2
48912 3
48923 3
48959 18
48960 11
48968 2
49016 5
49039 11
49041 22
49073 3
49198 11
49297 3
49391 3
49859 3
49885 14
49887 13
49933 20
49935 10
49978 17
49980 15
49993 6
49994 16
49995 14
50011 2
50013 4
50021 8
50048 10
50209 8
50270 9
50367 3
50530 3
50550 8
50596 2
50598 6
50612 8
50655 2
50657 3
50675 3
50701 2
50702 7
50704 2
50706 9
50738 7
50801 2
50829 6
50909 7
50910 15
50914 6
50964 2
50966 12
51010 2
51012 3
51189 2
51237 7
51283 2
51331 9
51424 21
51506 13
51529 10
51530 20
51531 12
51601 5
51603 3
51630 9
51695 2
51754 8
51756 21
51850 11
51852 20
51898 8
51920 21
51965 12
52055 6
52194 3
52203 2
52234 12
52236 13
52237 13
52238 17
52239 2
52245 11
52259 10
52261 2
52262 3
52263 5
52466 15
52470 6
52474 4
52487 5
52500 14
56815 4
56816 4
56833 13
56835 17
56836 11
56837 6
56844 4
56851 2
56852 24
56860 15
56861 12
56908 15
56933 5
57091 13
57092 3
57093 14
57191 3
57331 13
57332 13
57734 17
57735 13
57760 2
57761 3
57780 12
57827 2
57838 6
57839 8
57840 2
57873 16
57888 2
57905 16
57940 6
57941 8
58053 11
58099 10
58149 14
58210 3
58211 21
58212 13
58481 5
58482 2
58490 11
58491 16
58504 15
58505 11
58539 12
58548 13
58549 10
58550 3
58551 8
58558 2
58559 10
58560 8
58567 16
58568 20
58569 16
58594 2
58598 2
58616 11
58625 2
58664 14
58665 7
58693 3
58694 2
58703 3
58711 15
58713 2
58726 3
58727 2
58803 2
58808 10
58855 8
58856 3
58904 6
58905 3
59081 3
59082 9
59128 5
59129 2
59226 8
59317 2
59318 5
59319 3
59398 2
59422 6
59493 6
59522 7
59523 12
59542 14
59587 3
59588 13
59812 3
59813 2
59839 2
59840 16
59857 2
59858 11
59947 3
60064 13
60086 13
60087 3
60096 12
60107 8
60108 15
60127 24
60129 17
60130 3
60136 5
60150 11
60151 3
60358 12
60359 11
60360 14
60361 2
60363 13
60369 2
60425 4
60426 2
60432 7
64686 18
64702 20
64780 29
64796 5
64885 6
64987 14
64988 8
65019 2
65034 7
65077 23
65097 8
65135 8
65141 12
65156 2
65167 12
65170 14
65183 20
65192 13
65231 14
65247 12
65266 7
65269 3
65309 10
65314 9
65356 8
65372 20
65383 5
65452 13
65484 3
65650 10
65666 14
65682 2
65735 8
65738 3
65745 37
65767 13
65809 34
68655 13
68671 20
68687 22
68696 2
68698 7
68703 12
68711 6
68712 13
72908 4
72912 19
72916 2
72940 5
72953 2
72954 12
73138 2
73140 3
73248 13
73249 7
73250 17
73254 10
73255 8
73256 17
73258 4
73260 13
73285 7
73289 10
73292 3
73329 14
73804 11
73806 4
74855 2
75610 3
75611 4
75614 6
75618 10
75621 11
75622 14
75624 2
75628 12
75629 3
75633 26
75638 9
75639 5
75640 11
75642 7
75658 10
