13 16
14 7
21 2
466 10
474 4
533 6
563 3
567 11
653 4
692 17
698 4
699 42
704 2
739 12
748 11
941 17
950 2
976 8
987 15
999 3
1000 14
1006 25
1065 5
1196 8
1202 8
1240 3
1243 13
1460 14
1470 7
1499 10
1633 10
1634 11
1637 14
1644 7
1645 3
1661 16
1680 9
1683 14
1684 30
1692 7
1725 12
1751 10
1754 14
1756 2
1914 9
1918 12
1938 14
1945 12
1948 3
1951 14
1962 12
1964 10
1977 2
2232 7
2463 25
2464 11
2465 5
2468 12
2486 22
2510 24
2513 6
2516 9
2517 15
2518 10
2704 18
2725 4
2727 11
2740 3
2770 10
2772 7
3158 3
3168 11
3191 6
3206 3
3249 2
3458 10
3462 3
3468 7
3469 10
3471 12
3486 10
3487 11
3488 7
3489 2
3501 10
3502 16
3591 5
3920 10
3928 5
4040 3
4042 6
4071 8
4220 11
4248 7
4250 10
4251 3
4292 5
4293 2
4463 11
4505 7
4547 5
4685 12
4709 2
4773 5
4962 10
4965 2
4967 12
4969 8
4970 10
4972 11
4973 2
5008 9
5011 12
5013 10
5050 8
5053 2
5057 12
5156 11
5157 2
5160 17
5164 6
5165 2
5172 26
5196 6
5197 2
5209 8
5212 2
5216 3
5217 10
5243 17
5245 8
5250 12
5257 10
5259 5
5261 24
5264 6
5298 23
5304 29
5331 7
5335 7
5337 7
5352 6
5353 46
5354 2
5355 4
5356 4
5433 5
5700 6
7147 2
7152 12
7161 8
7164 16
7169 11
7279 19
7300 18
7301 15
7302 2
7304 12
7306 11
7309 10
7799 18
7860 21
7862 9
7866 2
7879 7
7980 14
7981 6
7983 2
8020 3
8120 3
8145 10
8170 2
8199 10
8237 10
8254 19
8263 8
8356 9
8365 2
8407 36
8424 13
8473 15
8539 5
8543 12
8572 12
8578 11
8595 15
8610 6
8635 9
8644 8
8692 11
8696 8
8800 4
8926 13
8937 11
9003 2
9005 6
9038 5
9051 9
9068 13
9074 2
9085 29
9091 5
9093 13
9116 11
9139 9
9193 2
9210 2
9218 2
9866 14
9881 11
9892 11
9894 8
9979 3
9981 29
10010 14
10011 22
10013 10
10020 13
10223 22
10224 14
10225 8
10227 14
10229 13
10230 16
10231 7
11026 7
11043 2
11051 10
11065 6
11108 12
11151 11
11154 15
11157 14
11217 19
11240 3
11336 4
11376 4
11404 22
11454 12
11478 12
11483 8
11520 9
11537 6
11571 11
11602 14
11607 7
11615 7
11618 13
11636 15
11660 12
11677 7
11707 22
11755 11
11803 2
11834 2
11905 10
12139 11
12168 5
12183 6
12185 5
12238 16
12273 2
12287 3
12302 18
12858 3
12869 18
12874 3
12978 12
12996 12
13004 9
13007 17
13021 13
14003 12
14020 7
14054 3
14071 24
14783 18
14787 5
14789 8
14791 2
14792 11
14793 3
14859 12
14861 2
15073 11
15075 7
15079 15
15081 4
15085 6
15229 2
15230 11
15231 15
15325 2
15329 19
15369 2
15370 2
15371 12
15374 13
15377 13
15444 34
15445 10
15446 15
15447 2
15450 11
15451 2
15452 13
15456 12
15541 13
15542 11
15789 15
15790 7
15791 4
15792 2
15796 9
15798 3
15913 15
15914 7
15916 6
15917 5
15924 7
16018 3
16019 2
16020 3
16065 13
16177 8
16238 8
16353 3
16354 14
16355 3
16356 2
16528 9
16529 9
16530 13
16533 2
16740 13
16742 6
16908 8
17119 9
17120 2
17121 6
17128 3
17131 6
17144 20
17214 5
17215 15
17217 2
17218 3
17404 13
17405 4
17507 34
17509 3
17565 3
17566 12
17611 2
17614 12
17616 12
17617 7
17618 7
17725 11
17726 7
17727 10
17729 2
17730 18
17754 2
17755 2
17759 12
17788 3
17789 2
17793 6
17794 3
17796 12
17952 5
17982 3
18023 11
18024 3
18026 3
18027 13
18028 9
18030 2
18032 3
18038 10
18039 9
18040 19
18042 3
18139 3
18140 9
18141 2
18142 16
18143 25
18144 3
18145 2
18146 12
18205 8
18445 12
18446 14
18576 10
18577 10
18578 2
18579 16
18580 2
18582 12
18675 5
18676 5
18677 14
18678 9
18679 10
18682 3
18752 8
18758 2
18851 21
18852 7
18853 10
18856 7
18858 3
19028 3
19030 2
19383 10
19384 2
19391 20
19392 5
19497 5
19504 10
19681 7
19682 23
19690 2
19705 3
19860 6
19862 2
19863 2
19864 22
20092 10
20093 12
20134 9
20136 2
20139 16
20154 10
20155 5
20157 6
20175 6
20176 8
20177 3
20228 10
20233 8
20234 8
20235 3
20236 2
20238 6
20239 3
20430 22
20431 3
20432 3
20433 7
20434 3
20463 18
20498 11
20502 3
20813 6
20814 16
20852 3
20857 3
20859 13
20860 14
20938 7
20941 10
21049 2
21053 8
21054 22
21055 13
21056 14
21119 8
21123 3
21436 16
21438 3
21510 2
21542 13
21570 11
21571 2
21572 7
21577 8
21596 10
21597 10
21601 5
21635 8
21636 18
22137 15
22344 2
22367 8
22370 12
22376 13
22378 9
22379 13
22446 9
22448 7
22449 12
22451 2
22455 3
22456 2
22549 12
22675 11
22696 3
22698 3
22701 6
22764 22
22773 7
22846 6
23017 8
23025 4
23026 6
23196 13
23197 15
23203 11
23205 10
23680 8
23683 14
23684 2
23779 7
23780 13
23827 3
23828 6
23830 12
23831 3
23833 4
24136 10
24137 3
24138 9
24139 7
24144 11
24145 2
31988 13
31992 7
32008 18
32024 18
32138 15
32145 7
32153 15
32229 8
32232 12
32235 13
32236 15
32761 5
32811 22
32848 12
32885 13
33051 7
33056 14
33063 19
33079 9
37599 12
37632 7
37638 14
37672 13
37674 3
37690 10
37692 16
37694 2
37699 10
37701 12
37742 7
38129 11
38140 15
38142 2
38302 14
38309 8
38310 5
38319 11
38320 6
38325 8
38331 7
38341 3
38342 3
38350 3
38357 9
38370 3
38375 16
38378 2
38388 12
39621 13
39715 10
39717 10
39856 10
39858 11
39888 14
40018 14
40027 3
40045 8
40050 4
40057 13
40058 17
40206 7
40215 3
40280 23
40318 15
40320 5
40388 8
40417 3
40419 3
40441 10
40491 14
40695 5
40822 31
40823 16
40824 13
40833 11
40838 12
40859 8
40906 13
40908 12
40935 2
40936 10
45529 15
45566 2
45586 4
45592 2
45593 20
45634 8
46022 15
46034 23
46035 10
46187 9
46201 13
46214 3
46245 3
46254 16
46267 8
46270 3
46280 7
47514 2
47580 3
47609 23
47780 8
47845 9
47912 5
47921 12
47939 3
47940 10
47950 6
47951 15
47952 11
47990 3
47995 6
47997 11
48106 6
48172 15
48174 4
48213 3
48281 6
48312 8
48335 4
48383 13
48384 13
48605 17
48717 2
48730 15
48732 5
48753 12
48830 13
48858 2
53383 2
53385 26
53450 7
53476 2
53477 11
53478 3
53485 15
53486 3
53891 18
53914 7
53926 6
53928 2
54114 3
54117 11
54137 2
54146 16
54155 13
54164 2
54174 10
55375 14
55376 18
55406 11
55472 2
55642 3
55644 23
55795 7
55797 10
55813 2
55815 6
55831 4
55832 20
55833 8
55834 6
55836 14
55845 13
55879 4
55882 3
55883 7
55884 18
55888 17
55889 14
55890 9
55894 3
55896 8
55999 3
56000 16
56065 14
56066 2
56067 14
56104 6
56112 2
56160 11
56173 8
56175 8
56203 12
56204 7
56205 2
56230 2
56232 2
56275 12
56497 2
56499 13
56609 5
56610 12
56618 3
56624 9
56627 5
56645 3
56694 8
56722 7
56750 9
61277 18
61278 3
61324 3
61326 22
61342 3
61344 9
61378 4
61819 6
61821 13
61982 16
61992 7
61998 10
62002 3
62003 13
62006 7
62008 20
62010 3
62029 28
62031 3
62038 19
62039 3
62044 13
62045 2
62047 2
62048 13
62051 2
62053 10
62055 16
62065 6
62066 7
62067 16
63394 8
63396 11
63536 11
63633 21
63724 2
63763 10
63764 7
63765 3
63775 13
63776 6
63783 16
63892 6
63893 15
63894 7
63960 6
63997 10
63998 14
64003 3
64004 7
64005 14
64096 2
64097 2
64098 18
64124 2
64125 8
64170 3
64382 15
64391 14
64501 11
64503 26
64510 3
64512 3
64586 4
64587 11
64614 14
66221 12
66223 3
66230 11
66232 23
66233 9
66237 17
66239 13
66248 33
66264 4
66276 20
66280 43
66392 38
66399 13
66402 36
66408 8
66411 17
66921 8
66924 4
66933 21
66943 9
66949 19
66996 12
67038 37
67073 3
67167 16
67185 12
67188 7
67191 3
67199 17
67204 38
67210 2
67214 40
67279 22
67282 14
67375 8
67483 6
67499 6
67564 20
67566 11
67582 13
67591 6
67595 18
67627 7
67643 11
67675 11
67699 7
67704 19
67715 14
67853 3
67923 8
67933 3
68023 33
68039 6
68055 13
68071 23
68081 9
68154 12
68164 15
68170 10
68196 16
68199 25
72903 8
72918 6
75628 7
75632 5
75637 4
