13 7
17 2
33 2
465 3
468 13
475 11
496 12
510 16
516 13
529 4
534 2
565 14
566 2
593 12
654 32
689 25
774 2
820 13
835 4
850 13
864 18
865 16
958 7
960 8
965 7
966 8
984 7
1038 3
1039 18
1047 27
1048 6
1054 33
1113 19
1115 7
1123 8
1125 8
1126 12
1127 2
1128 14
1129 16
1136 5
1137 11
1152 10
1153 7
1201 5
1214 8
1380 3
1382 23
1386 7
1390 5
1407 11
1415 3
1423 13
1470 6
1471 2
1640 14
1643 20
1671 13
1677 4
1693 4
1724 6
1748 13
1749 12
1750 12
1751 4
1887 3
1890 21
1936 15
1979 9
2006 12
2008 12
2146 10
2148 8
2178 6
2230 2
2261 9
2401 16
2423 6
2487 3
2518 3
2522 12
2676 2
2693 23
2700 14
2708 40
2725 3
2726 2
2738 2
2764 3
2909 21
2930 8
2942 3
2994 2
3162 14
3163 15
3164 2
3191 3
3201 7
3204 25
3207 17
3208 12
3216 7
3291 7
3439 2
3459 25
3460 14
3663 2
3754 3
3785 11
3947 7
4031 13
4034 7
4035 14
4036 11
4041 5
4042 2
4071 8
4185 5
4201 43
4210 6
4265 10
4294 13
4426 4
4427 2
4467 2
4474 8
4477 10
4478 19
4481 3
4483 3
4486 6
4550 9
4682 7
4686 23
4688 2
4691 7
4692 17
4693 8
4708 12
4797 5
4798 16
4808 12
4812 24
4942 16
5002 7
5156 17
5159 10
5164 7
5171 5
5184 17
5196 10
5203 5
5208 10
5221 7
5230 12
5237 35
5248 5
5249 15
5261 2
5265 10
5276 49
5282 18
5290 10
5291 2
5298 3
5305 8
5318 13
5319 19
5324 23
5331 14
5337 8
5343 5
5344 10
5345 6
5347 12
5353 5
5356 10
5357 11
5358 2
5359 19
5360 3
5361 4
5364 3
5365 8
5366 15
5423 10
5425 2
5426 5
5428 34
5430 6
5484 4
5574 2
5592 3
6973 12
6990 12
7007 7
7009 14
7022 11
7024 24
7038 13
7045 14
7049 2
7051 15
7054 13
7058 22
7075 7
7092 4
7125 5
7151 12
7162 9
7165 12
7171 11
7174 3
7183 7
7212 4
7398 7
7536 9
7667 4
7671 6
7673 8
7685 10
7707 10
7719 3
7758 29
7760 14
7876 7
7877 44
7880 11
7886 12
7889 9
7892 12
7935 13
7938 12
8202 6
8212 4
8218 5
8220 2
8232 10
8233 2
8237 12
8247 16
8260 15
8266 7
8281 3
8283 8
8293 20
8300 5
8305 2
8332 7
8339 16
8348 2
8356 16
8365 4
8368 11
8383 8
8419 9
8495 12
8512 11
8544 3
8555 8
8556 11
8557 10
8559 12
8573 12
8578 2
8580 12
8599 12
8764 2
9057 16
9072 6
9074 29
9089 2
9097 3
9106 4
9110 25
9115 16
9125 10
9130 19
9132 16
9133 12
9149 3
9156 8
9159 2
9210 6
9212 14
9224 8
9227 18
9244 4
9252 2
9254 7
9261 19
9277 7
9278 13
9879 6
9880 8
9882 2
9883 2
9886 18
9887 5
9888 14
9889 6
9890 2
9895 6
9896 4
9899 11
9971 2
9975 6
9976 13
9982 70
10012 4
10015 7
10016 11
10018 3
10147 5
10148 11
10149 21
10150 11
10151 9
10155 3
10190 6
10191 12
10192 21
10226 8
10228 3
10232 13
10300 11
10322 6
10876 12
10935 5
10946 13
10947 2
10952 14
10961 2
10969 11
10975 5
10981 15
11037 11
11047 5
11063 5
11091 12
11095 20
11181 4
11198 12
11369 10
11403 11
11568 8
11575 13
11585 3
11586 11
11603 14
11619 13
11621 11
11622 13
11642 3
11643 12
11677 2
11713 10
11716 8
11765 9
11782 11
11816 13
11817 7
11821 8
11851 14
11855 13
11867 4
11884 2
12208 31
12211 13
12225 14
12228 4
12270 9
12293 16
12391 12
12403 13
12431 10
12437 7
12486 6
12503 6
12596 7
12605 3
12622 8
12630 6
12647 10
12650 16
12653 3
12681 14
12684 12
12830 7
12992 9
13031 7
13089 14
13094 19
13113 7
13123 8
13126 7
13151 2
13156 9
14156 10
14173 14
14190 12
14207 2
14275 17
14309 11
14731 11
14732 7
14739 12
14778 11
14785 11
14786 4
14790 12
14827 7
14828 6
14829 3
14831 23
14832 3
14834 14
14854 8
14855 2
14856 19
14857 14
14858 10
14860 14
14863 12
14919 4
14921 20
14922 12
14923 31
14925 16
14949 7
14950 7
14951 5
14952 22
14956 22
15041 4
15224 20
15225 8
15227 5
15228 9
15232 3
15233 15
15448 15
15449 19
15483 15
15485 21
15486 6
15487 12
15585 5
15586 10
15605 7
15611 12
15612 8
15660 7
15668 12
15681 14
15682 17
15684 4
15686 13
15687 17
15758 3
15780 11
15832 2
15833 11
15942 11
16014 10
16016 16
16017 11
16045 6
16047 7
16058 11
16061 17
16062 4
16063 3
16064 23
16066 12
16172 11
16173 16
16176 14
16180 12
16182 13
16348 7
16349 2
16350 12
16357 8
16364 21
16365 6
16367 16
16368 6
16369 18
16409 18
16410 9
16412 7
16413 2
16471 8
16526 3
16647 3
16708 7
16732 8
16737 4
16861 12
16862 3
16863 2
16936 17
16937 5
17433 2
17438 3
17521 6
17522 12
17523 8
17526 2
17605 12
17610 6
17629 8
17681 12
17682 12
17684 12
17697 8
17721 15
17722 12
17723 7
17728 5
17753 13
17755 3
17757 4
17777 2
17778 5
17779 8
17783 5
17784 13
17785 18
17786 12
17787 18
17859 8
17945 4
17947 24
17948 9
17949 3
17950 5
17951 3
17953 4
17954 12
17976 14
17977 10
17978 16
17979 12
17983 10
18035 16
18036 3
18037 12
18041 9
18043 6
18044 15
19766 9
19767 14
19768 14
21265 4
21269 3
21270 11
21271 11
21272 8
21273 23
21275 12
22161 8
22203 13
22204 2
22206 5
22267 7
22271 6
22274 3
22275 11
22276 2
22339 12
22343 3
22345 8
22381 11
22383 22
22452 6
22453 11
22563 7
22564 13
22566 2
22567 6
22626 23
22627 11
22707 5
22708 13
22720 17
22742 11
22743 10
22744 25
22766 12
22767 12
22769 10
22771 13
22774 3
22780 6
22782 11
22783 5
22784 7
22785 7
22794 6
22795 11
22799 20
22841 9
22842 7
22843 14
22844 11
22847 2
22848 8
22896 7
22974 8
22984 11
22988 11
23019 9
23022 3
23023 11
23024 11
23027 8
23165 4
23168 11
23172 2
23173 5
23220 18
23221 10
23223 19
23224 7
23226 7
23327 10
23354 13
23357 5
23358 2
23359 10
23420 2
23421 9
23422 27
23424 17
23425 5
23539 12
23540 12
23593 4
23594 3
23595 10
23596 14
23597 4
23607 12
23653 11
23654 11
23655 12
23678 9
23722 5
23782 9
23787 4
23809 23
23823 2
23824 11
23825 3
23904 5
23955 2
23957 15
23958 13
23983 2
23984 4
23985 2
23986 14
23988 8
23989 7
23991 3
24077 8
24129 19
24130 19
24131 3
24132 6
24134 4
24140 12
24141 12
24142 14
24143 14
24151 12
24152 10
24153 11
24184 12
24186 19
24187 11
24188 3
24846 3
24847 2
24848 19
24849 13
24850 14
24852 11
24854 7
24855 11
24856 14
24879 7
24880 13
24881 7
24998 12
24999 2
25002 6
25003 3
25063 3
25065 10
25069 8
25238 13
25239 11
25261 2
25262 13
25300 13
25301 10
29791 3
31886 20
31912 8
31915 14
31918 16
31923 4
31928 8
31951 7
31998 13
32051 7
32067 11
32157 2
32394 8
32397 13
32400 16
32429 12
32432 3
32481 8
32529 11
32553 12
32559 13
32565 7
32619 8
32696 2
32719 21
32725 22
32741 13
32786 14
32805 11
33036 9
33042 4
37328 14
37347 14
37355 15
37360 26
37362 16
37391 2
37406 7
37415 12
37435 11
37439 22
37523 12
37570 6
37597 2
37634 13
37635 11
37646 13
37766 11
37848 13
37871 13
38134 14
38141 10
38154 11
38747 11
38774 5
38795 5
38822 23
38852 2
39113 5
39235 4
39236 2
39338 4
39346 3
39364 17
39366 2
39384 2
39478 7
39479 11
39480 21
39526 18
39527 9
39791 12
39801 16
39826 17
39827 10
39828 14
39836 11
39845 16
39884 4
39893 21
40009 16
40011 25
40020 13
40028 4
40029 13
40047 16
40056 2
40085 8
40325 3
40692 2
40778 6
40779 8
40961 13
40963 13
40975 6
45220 14
45247 13
45254 3
45281 11
45284 13
45285 12
45298 4
45329 5
45331 16
45333 22
45415 10
45464 21
45465 15
45491 15
45492 7
45526 13
45538 10
45540 7
45556 11
45557 5
45584 6
45660 7
45739 2
45741 13
45763 6
45764 7
45881 5
45976 13
45978 11
46618 12
46620 12
46639 3
46668 14
46714 23
46744 6
47128 10
47130 2
47240 6
47276 2
47325 13
47371 9
47372 16
47373 13
47419 8
47420 6
47650 9
47652 2
47671 7
47673 3
47683 11
47685 8
47703 3
47719 11
47720 6
47737 14
47739 9
47778 12
47785 7
47891 4
47903 12
47904 11
47920 11
47922 5
47948 9
47949 15
47978 12
47979 2
48200 8
48217 12
48219 18
48247 6
48249 17
48577 2
48579 3
48625 8
48627 8
48658 14
48670 12
48688 12
48705 2
48851 2
48853 7
48855 8
48857 2
48868 7
48869 4
48870 12
53132 13
53174 3
53177 13
53222 11
53225 10
53260 3
53262 15
53356 17
53357 2
53384 15
53420 3
53552 8
53585 12
53600 9
53601 15
53632 4
53633 23
53869 8
53870 2
53896 11
53897 2
53898 11
55134 6
55148 8
55168 14
55169 3
55170 20
55264 7
55266 9
55312 13
55313 2
55314 15
55565 13
55576 4
55577 3
55578 8
55582 8
55583 9
55584 3
55585 7
55586 7
55594 3
55595 13
55596 12
55614 12
55622 8
55670 9
55680 11
55804 14
55806 4
55840 13
55841 3
55870 13
55871 3
55872 3
56111 3
56141 7
56477 5
56516 2
56517 12
56519 19
56572 6
56574 4
56743 15
56745 7
56747 17
56749 14
56751 3
61025 7
61026 21
61033 7
61034 7
61035 11
61040 11
61052 9
61061 2
61066 23
61067 7
61069 13
61070 2
61071 7
61114 3
61115 12
61154 3
61276 18
61282 2
61283 6
61284 11
61312 14
61314 13
61444 16
61445 12
61477 17
61478 2
61492 22
61527 11
61686 10
61762 2
61764 5
61789 5
61805 11
61820 7
61822 2
61823 6
61824 14
61831 11
61832 8
63027 12
63061 15
63062 2
63159 15
63205 5
63206 16
63207 12
63470 5
63471 3
63475 2
63477 10
63478 11
63487 6
63489 9
63507 25
63562 5
63563 3
63571 5
63572 12
63688 5
63698 13
63699 17
63708 25
63724 7
63733 6
63734 7
63735 16
63765 3
63958 6
63959 9
64033 3
64035 11
64357 12
64364 5
64369 5
64370 14
64408 10
64409 3
64410 2
64411 20
64413 15
64459 7
64460 12
64465 4
64466 19
64467 7
64489 5
64637 12
64643 21
64656 4
66094 2
66110 11
66138 12
66139 12
66155 23
66164 6
66180 13
66188 18
66215 4
66259 12
66271 19
66295 11
66311 16
66327 12
66607 5
66632 15
66655 7
66760 5
66798 4
66804 5
66807 5
66810 6
66830 7
66946 7
66955 32
67257 32
67261 2
67273 7
67295 15
67298 10
67318 3
67366 11
67377 15
67381 8
67382 8
67383 11
67397 2
67398 20
67399 12
67414 3
67480 10
67572 11
67575 10
67576 34
67577 11
67587 2
67588 5
67608 13
68050 6
68059 30
68075 5
68078 7
68080 7
68094 22
68096 9
68097 4
68113 4
68115 17
68116 8
68122 6
68131 2
68138 20
68163 8
68186 11
68190 5
68195 14
68202 3
68220 16
68223 13
68230 7
68246 5
68255 11
68262 28
72936 2
72941 8
75636 6
