17 2
24 12
30 6
31 19
410 4
411 2
414 11
417 8
427 30
445 13
448 12
451 12
457 5
483 5
507 7
508 10
553 24
556 23
607 2
893 8
1016 3
1020 14
1074 2
1116 10
1249 10
1301 2
1335 16
1337 7
1338 2
1339 12
1344 2
1361 3
1391 10
1522 17
1586 17
1589 9
1590 25
1772 3
1783 7
1784 22
1785 8
1788 31
1842 12
1849 15
1850 14
1861 15
1862 12
1863 3
1864 29
1866 13
1867 10
2026 2
2029 8
2033 14
2036 12
2041 11
2286 12
2346 7
2534 13
2545 6
2612 2
2614 11
2619 10
2788 12
2791 14
2802 12
3091 4
3113 15
3114 8
3122 6
3132 8
3305 14
3347 8
3358 4
3367 14
3368 9
3375 7
3380 4
3383 25
3392 7
3615 12
3644 2
3653 12
3691 3
3809 3
3810 6
3894 15
3896 15
3898 2
3916 3
4067 7
4133 6
4135 5
4136 19
4138 12
4150 2
4152 5
4312 27
4315 2
4571 10
4645 13
4646 5
4655 6
4656 22
4805 17
4820 23
4828 17
4829 2
4869 2
4899 11
5074 14
5144 3
5152 22
5154 13
5158 6
5173 3
5176 5
5190 12
5193 25
5195 8
5211 8
5219 23
5244 5
5251 6
5252 11
5255 3
5256 5
5263 8
5286 23
5308 3
5314 9
5342 3
5384 3
5389 14
5390 45
5391 51
5392 18
5399 7
5400 15
5401 34
5404 31
5405 39
5406 15
5407 9
5408 6
5409 12
5410 16
5411 3
5412 9
5414 7
5451 21
5465 18
5468 16
5470 2
5502 4
5503 3
5504 7
5520 17
5522 11
5525 11
5530 17
5540 15
5543 9
5546 4
5557 13
5558 4
5574 26
5575 13
5576 11
5592 3
5594 8
5612 13
5627 4
5648 13
5665 5
5666 2
5674 12
5703 13
5718 3
5734 12
5962 13
5979 2
6562 26
6569 21
6570 8
6571 2
6576 15
6577 11
6578 2
6593 10
6602 15
6608 14
6631 3
6634 9
6643 12
6648 11
6665 20
6667 12
6670 12
6675 10
6682 16
6688 14
6766 2
6779 12
6792 12
6826 7
9433 2
9443 10
9451 2
9465 12
9468 3
9482 19
9484 11
9485 8
9487 21
9492 13
9511 2
9516 3
9519 5
9526 10
9543 24
9550 18
9556 2
9560 25
9568 32
9590 22
9593 11
9606 49
9617 4
9618 8
9620 11
9636 2
9638 2
9660 5
9677 23
9688 12
9694 24
9697 8
9705 11
9714 9
9717 11
9722 22
9723 14
9725 5
9729 35
9741 6
9758 8
9769 2
9775 3
9841 6
9953 18
9957 2
9958 2
9959 4
9960 16
9968 3
10369 12
10375 7
10414 14
10426 17
10431 16
10440 10
10457 25
10474 13
10479 11
10537 12
10539 11
10550 14
10553 11
10557 14
10613 14
10626 3
10628 15
10632 12
10643 2
10657 7
10660 12
10706 6
10720 16
10728 13
13369 13
13380 13
13381 2
13393 7
13449 14
13453 11
13466 15
13501 11
13502 7
13505 14
13556 12
13941 4
14018 3
14060 11
14063 11
14069 4
14077 6
14080 23
14082 13
14145 12
14162 3
14165 9
14179 7
14421 15
14422 9
14437 8
14447 13
14453 4
14467 17
14472 14
14523 11
14544 8
14557 12
14606 23
14631 12
25312 7
25314 3
25338 3
25339 10
25383 2
25407 2
25413 11
25419 10
25421 10
25456 12
25472 3
25474 14
26091 13
26349 15
26350 11
26375 13
26376 12
26377 5
26380 3
26396 13
26400 3
26403 10
26404 9
26414 13
26415 12
26451 4
26461 8
26530 13
26531 12
26583 7
26584 3
26588 12
26589 11
26607 13
26608 2
26616 3
26617 7
26618 13
26619 3
26647 15
26648 11
26652 16
26708 11
26709 2
26774 13
26810 2
26811 21
26814 19
26860 2
26889 3
26892 3
26893 3
26894 14
26910 3
26911 2
26938 12
26942 11
26943 22
26966 12
26968 14
26969 4
26970 3
26971 15
26988 2
26989 3
26990 2
26993 13
26994 3
26995 14
27063 2
27136 2
27137 5
27140 9
27141 2
27164 12
27165 8
27166 11
27202 13
27203 8
27204 6
27212 9
27213 13
27215 11
27216 13
27217 13
27243 13
27244 2
27265 22
27266 3
27311 4
27312 3
27314 13
27315 12
27316 3
27341 10
27370 4
27371 5
27499 22
27500 7
27501 6
27506 11
27507 14
27508 2
27525 6
27526 7
27527 21
27528 6
27541 14
27542 3
27563 4
27618 11
27619 11
27620 6
27623 4
27658 13
27661 9
27662 12
27682 21
27683 2
27704 4
27715 11
27795 12
27796 14
27803 11
27817 9
27820 20
27821 14
27827 13
27845 9
27846 12
27858 7
27902 13
27990 6
28056 4
28067 11
28255 9
28273 13
28290 13
28314 12
28315 6
28316 2
28317 22
28342 12
28343 13
28344 12
28356 12
28357 15
28391 12
28392 12
28393 2
28518 12
28595 12
28600 12
28704 5
28715 3
28752 4
28754 13
28756 13
28777 13
28780 2
28786 4
28787 5
28790 13
28852 12
28854 15
28856 7
28857 3
28880 22
28900 12
28922 8
28923 4
28928 4
28957 4
28959 3
28961 3
29044 3
29079 12
29080 2
29101 11
29102 2
29117 13
29271 22
29289 14
29292 2
29320 22
29325 3
29425 5
29539 13
29543 11
29544 3
29545 2
29568 6
29569 2
29572 2
29751 4
29752 7
29754 3
29755 17
29772 14
29773 12
29775 2
29780 3
29890 3
29894 3
29903 22
29905 11
29954 3
29955 23
29956 15
30034 2
30038 20
30065 12
30066 12
30067 20
30068 5
30075 13
30099 3
30132 10
30133 3
30134 20
30135 2
30211 12
30229 8
30260 13
30264 4
30265 3
30277 12
30429 3
30434 12
30436 22
30438 13
30441 2
30457 12
30484 5
30550 10
30553 4
30557 12
30620 11
30700 9
30716 5
30748 15
30870 14
30963 7
31012 12
31038 9
31120 11
31133 21
31136 3
31518 9
31542 4
31566 14
31613 7
31634 5
31663 21
31677 21
31771 8
31778 3
33154 11
33156 3
33163 11
33172 8
33174 16
33181 14
33183 10
33217 16
33218 9
33242 22
33283 8
33334 4
33335 9
33350 13
33376 14
33377 12
33513 2
33517 11
33530 19
33578 10
33786 9
33787 7
33789 8
33797 13
33798 8
33800 5
33851 11
33852 7
33902 17
33909 4
33912 19
33920 11
33943 12
33944 14
33958 13
33959 20
34256 21
34294 14
34295 6
34739 6
34756 6
34758 8
34804 14
34913 8
35009 17
35027 23
36224 10
36236 20
36239 8
36296 7
36367 14
36369 21
36387 14
36409 22
36411 2
36415 16
36417 22
36435 7
36454 3
36456 12
36472 12
36583 9
36631 3
36633 6
36641 9
36653 21
36659 3
36668 7
36701 14
36724 6
36750 12
36870 14
36899 7
36964 11
36966 17
36974 2
37002 7
37019 5
37022 13
41037 5
41057 6
41063 11
41067 13
41075 13
41104 7
41106 13
41110 10
41111 10
41112 2
41129 30
41134 14
41177 10
41180 2
41228 12
41242 11
41244 2
41270 11
41328 13
41411 22
41422 15
41451 6
41470 9
41689 15
41691 3
41692 14
41743 15
41789 3
41794 3
41796 6
41801 12
41814 15
41836 9
41837 23
41851 9
41852 17
42148 6
42150 13
42188 10
42584 11
42585 12
42649 14
42698 10
42901 14
42919 13
42951 10
44128 12
44130 15
44133 3
44135 3
44188 11
44260 10
44261 13
44262 10
44300 3
44303 6
44309 19
44327 7
44337 12
44348 23
44349 10
44366 13
44416 12
44533 3
44535 3
44545 15
44551 14
44562 12
44583 3
44593 16
44621 13
44629 7
44631 15
44646 2
44770 2
44771 11
44772 21
44781 2
44820 25
44848 11
44858 10
44866 3
44911 2
44913 16
44914 18
44916 3
48911 3
48928 3
48929 3
48930 23
48940 14
48942 4
48949 14
48951 3
48958 13
48967 8
48969 3
48989 15
49002 2
49004 3
49053 2
49069 13
49070 2
49072 3
49074 2
49119 9
49120 2
49162 11
49163 4
49199 3
49219 13
49220 9
49221 10
49303 11
49343 9
49438 15
49440 3
49466 10
49573 6
49574 11
49583 3
49586 14
49637 10
49639 12
49641 7
49681 26
49682 3
49688 14
49696 8
49705 4
49706 12
49707 11
50042 12
50063 10
50080 10
51988 5
52006 13
52007 3
52008 22
52022 4
52025 12
52027 13
52029 3
52153 6
52154 12
52155 24
52171 6
52196 11
52197 8
52199 20
52219 17
52229 14
52241 13
52242 4
52258 2
52418 12
52475 15
52513 13
52515 12
52523 12
52538 8
52539 15
52645 15
52647 3
52673 7
52702 22
52704 9
52712 13
52752 16
52760 2
52799 13
52805 5
56803 11
56821 8
56823 22
56843 7
56853 4
56862 3
56881 12
56894 14
56895 13
56944 2
56946 18
56962 4
56965 2
56966 3
56994 12
57012 13
57055 15
57056 20
57057 10
57112 14
57113 12
57114 2
57192 3
57235 2
57283 9
57284 7
57333 19
57358 16
57359 14
57360 11
57465 23
57466 7
57467 3
57475 13
57478 15
57529 3
57539 5
57550 8
57561 15
57574 2
57580 6
57582 12
57588 14
57591 13
57627 10
59883 15
59899 3
59901 2
59948 3
60046 8
60048 17
60066 14
60088 10
60089 18
60090 9
60091 14
60092 13
60121 12
60122 13
60128 2
60131 22
60132 16
60133 13
60134 15
60135 18
60153 18
60154 3
60155 3
60156 14
60291 11
60367 6
60368 22
60380 3
60381 13
60407 8
60416 4
60430 14
60431 2
60540 12
60549 9
60565 17
60566 3
60596 11
60597 11
60604 15
60605 4
60644 15
60691 2
60697 21
60698 11
60717 13
64695 12
64700 11
64711 15
64716 30
64723 19
64733 27
64749 17
64755 34
64756 14
64757 12
64760 2
64767 12
64772 12
64773 2
64776 5
64821 9
64869 8
64880 2
64893 17
64901 3
65146 10
65153 11
65162 15
65172 18
65178 14
65188 7
65194 25
65216 11
65222 12
65226 3
65242 3
65248 22
65254 12
65268 8
65274 2
65281 10
65297 12
65716 20
65719 3
65729 26
65737 14
65742 14
65758 14
65761 2
65777 13
65780 3
65783 3
65786 8
65794 15
65796 6
65799 13
65802 3
65817 4
65818 12
65822 12
65826 3
65834 16
65842 23
65846 8
65849 21
65865 10
68397 2
68412 6
68437 11
68448 34
68476 12
68485 9
68501 15
68508 11
68517 13
68526 3
68529 8
68535 23
68538 7
68543 12
68545 16
68551 9
68552 11
68554 4
68568 13
68570 12
68583 9
68584 22
68599 3
68600 8
68612 14
68615 19
68628 22
68631 29
68632 7
68634 5
68639 11
68647 11
68648 2
68650 14
68655 2
68658 17
68663 9
68664 11
68666 8
68680 11
68706 3
68757 15
72896 19
72903 4
72905 6
72907 3
72909 5
72910 2
72912 14
72913 5
72914 6
72918 2
72919 9
72921 21
72927 12
72928 13
72932 3
72934 2
72936 7
72938 27
72940 6
72941 9
72942 2
72943 2
73057 2
73195 6
73230 11
73238 11
73241 13
73242 3
75624 11
75627 2
75628 7
75637 6
