14 13
16 15
22 8
462 2
489 4
494 6
514 9
630 16
758 12
762 14
928 13
947 12
956 14
972 13
973 28
978 2
1065 11
1114 34
1155 8
1236 27
1238 10
1240 11
1311 2
1321 8
1379 65
1382 14
1386 12
1387 13
1400 22
1402 9
1403 14
1404 21
1405 30
1457 2
1705 18
1706 12
1709 14
1710 14
1711 3
1949 10
1950 9
1952 12
1954 10
1957 7
2000 12
2001 5
2005 3
2431 11
2469 2
2680 12
2760 11
2933 15
2934 23
2982 6
2984 10
2985 13
3225 8
3227 2
3291 9
3525 4
3740 9
3946 11
3961 38
3985 11
4031 4
4041 8
4284 10
4287 2
4509 3
4743 9
4966 14
4971 6
5047 8
5049 12
5053 13
5164 19
5180 10
5185 42
5189 53
5196 10
5199 48
5207 19
5212 26
5213 19
5221 21
5224 9
5229 5
5231 58
5245 13
5247 5
5260 2
5262 31
5274 33
5277 19
5283 33
5284 6
5293 52
5294 59
5303 16
5311 11
5312 12
5325 13
5348 43
5350 24
5441 128
7212 2
7280 71
7283 7
7284 9
7285 12
7286 3
7287 11
7292 19
7295 22
7297 16
7826 11
7833 11
7844 7
7877 10
7922 8
7949 9
7981 2
8049 13
8057 15
8083 25
8086 13
8134 11
8168 25
8176 13
8182 19
8185 50
8190 13
8194 10
8196 26
8612 9
8618 13
8629 29
8636 16
8646 16
8653 16
8661 3
8663 8
8680 28
8681 3
8683 16
8686 12
8695 12
8697 27
8700 23
8703 2
8712 34
8731 18
8738 14
8749 25
8766 18
8767 20
8817 2
8818 18
8834 15
8835 17
8851 20
8868 12
8881 3
8902 20
8919 15
8920 6
8942 14
9003 2
9004 27
9007 9
9010 15
9016 7
9019 24
9864 22
9865 4
9866 12
9868 3
9870 9
9874 10
9876 12
9877 2
9878 50
9903 31
9904 8
9907 36
9977 2
9978 3
9979 8
9981 7
9982 3
9984 6
9989 7
9990 7
9991 17
9992 12
9994 15
9995 11
9999 4
10000 19
11148 11
11222 5
11225 24
11293 9
11310 11
11427 18
11457 11
11460 13
11471 11
11512 12
11528 10
11529 12
11983 8
12035 9
12142 18
12204 19
12298 2
12328 12
12339 13
12868 21
12875 2
12880 18
15082 2
15083 2
15084 13
15271 13
15272 4
15274 11
15323 5
15327 10
15331 11
15332 9
17132 4
17137 12
17139 3
17140 15
17141 7
17142 5
17216 10
17307 12
17308 13
17309 8
17310 11
18147 21
18148 11
18205 9
18213 10
18388 2
18416 20
18417 9
18444 10
18519 12
18520 2
18544 10
18545 11
18548 17
18551 3
18552 2
18680 5
18726 15
18729 12
18741 6
18742 12
18753 6
18754 8
18755 8
18756 2
18757 11
18759 13
18760 9
18761 10
18762 14
18861 23
19261 6
19385 26
19386 4
19387 12
19388 11
19389 23
19390 10
19393 2
19438 10
19498 5
19499 9
19500 3
19502 12
19683 10
19685 3
19686 11
19687 3
19688 3
19689 12
19691 2
19802 5
19805 2
19806 6
19809 16
19925 10
19926 4
19927 14
19978 4
20095 13
20096 3
20097 17
20099 10
20137 10
20138 12
20200 13
20202 17
20203 14
20205 3
20237 22
20241 8
20250 4
20252 11
20253 6
20286 11
20287 17
20288 2
20290 6
20408 12
20410 9
20412 11
20416 10
20433 2
20436 18
20438 7
20465 14
20466 3
20467 11
20503 9
20506 10
20508 20
20811 13
20815 10
20816 14
20858 8
21026 9
21030 11
21032 3
21035 7
21036 13
21114 15
21115 20
21116 7
21118 2
21121 13
21440 21
21441 3
21459 3
21460 8
21461 2
21602 7
21603 7
21604 24
21605 3
21637 4
21638 3
21639 2
21640 6
21641 9
21642 21
21643 11
21644 11
21645 12
21778 13
21779 14
21784 12
22138 17
22141 13
32069 13
32224 9
32234 12
32243 6
32640 12
32650 12
32672 6
32729 16
32845 15
38308 6
38323 13
38352 16
38359 10
38367 12
38368 20
38370 2
38373 11
38376 12
38377 8
38379 3
39591 3
39619 11
39620 6
39685 6
39686 8
39687 8
39735 4
39857 15
39953 9
40070 12
40108 11
40110 11
40205 12
40224 11
40366 8
40396 18
40397 17
40444 9
40494 11
40587 6
40633 8
40831 5
40837 15
40840 13
40842 11
40872 3
46202 8
46217 13
46234 9
46236 3
46244 9
46250 8
46251 2
46253 6
46259 11
46262 12
46266 2
46268 12
46271 3
46284 10
47483 14
47512 3
47579 3
47749 15
47751 10
47847 15
47962 3
47964 14
48002 3
48097 2
48098 12
48108 8
48116 15
48289 13
48290 12
48291 3
48338 10
48339 2
48382 3
48479 15
48716 14
48731 13
48734 14
48735 5
48742 14
48743 12
48751 7
48799 4
48800 11
48801 31
48827 8
54094 17
54096 13
54111 7
54128 22
54129 4
54136 11
54138 13
54142 13
54143 13
54145 12
54147 22
54151 13
54153 10
54154 23
54156 7
54158 3
54161 11
54162 3
54163 13
54165 13
55377 11
55407 12
55471 7
55643 6
55739 12
55809 20
55856 12
55990 8
55991 3
55992 3
56008 2
56231 13
56276 2
56371 7
56372 7
56373 6
56617 2
56619 3
56623 3
56626 12
56628 14
56636 11
56637 11
56657 23
56658 2
56674 4
56676 24
56693 20
56719 9
56721 13
61987 3
61988 2
61989 15
62020 13
62021 7
62022 7
62030 4
62040 9
62045 2
62046 17
62049 9
62050 20
62052 9
62054 31
62057 3
62058 11
63269 8
63282 4
63298 6
63299 12
63300 30
63413 9
63535 11
63537 9
63606 2
63701 8
63749 6
63789 9
63884 4
63885 23
63999 19
64123 8
64168 14
64169 14
64264 12
64265 15
64314 15
64517 7
64518 11
64521 10
64529 12
64549 17
64550 3
64551 15
64568 2
64585 8
64612 3
66383 15
66384 11
66386 3
66387 11
66389 44
66390 10
66395 6
66401 14
66405 8
66867 6
66877 10
66899 23
66905 8
66909 12
66926 11
67006 6
67070 2
67092 9
67108 20
67119 12
67135 29
67182 29
67183 11
67198 25
67226 3
67230 18
67236 30
67237 31
67239 8
67242 30
67461 12
67634 27
67635 13
67650 20
67651 14
67667 38
67683 28
67692 12
67693 19
67695 14
67698 8
67707 10
67711 3
67714 7
67723 2
67741 8
67747 11
67757 15
67773 17
67821 26
67837 29
67861 9
67881 6
67912 14
67915 23
67917 8
67935 11
67938 4
67947 16
67980 13
67993 12
67996 9
67999 15
68002 5
68008 16
68011 23
72932 6
